2 17 9 13 703 78 690 68 701 76 10 5 36 7390 146 11874 216 8302 145 6	0
60 1 43 53 3068 174 2546 163 3038 167 4 18 22 220 39 215 37 23 129 16	1
21 17 43 53 13384 242 11576 230 13341 240 67 34 36 32 493 40 485 23 451 27	0
12 1 9 14 2978 54 3265 62 2825 49 4 5 11 945 30 1125 52 681 15 6	0
2 124 61 110 109 104 107 101 93 88 67 593 303 606 511 569 492 598 514 27	0
426 165 7 273 15999 297 15720 300 16898 324 8 55 33 11571 130 1990 64 7873 111 3	1
2 120 61 110 109 104 107 101 93 88 10 335 358 1218 422 2216 429 7155 129 3	0
2 41 342 282 513 186 516 193 519 195 4 18 22 220 39 215 37 733 26 3	0
2 71 46 57 2699 56 50 28 15381 284 10 18 22 440 39 438 37 973 205 16	1
2 1 9 14 1436 374 1852 410 1361 255 29 34 36 32 468 40 472 23 491 85	0
2 71 673 489 6205 154 486 383 14805 179 44 235 86 2291 89 103 102 2822 111 247	1
42 1 177 191 3233 306 2812 271 3229 304 10 221 161 32 243 40 257 23 264 27	0
12 1 9 13 2402 78 2191 68 2369 76 67 5 11 3643 59 4324 64 1790 38 6	0
2 71 46 57 25 337 31 336 724 112 4 55 33 2311 30 72 51 10490 373 3	0
426 120 7 282 618 113 619 128 636 134 8 55 33 1308 133 2446 228 1972 205 3	0
42 19 185 57 13476 54 559 28 13865 49 44 55 33 26992 59 25492 64 4541 111 58	1
21 1 192 170 722 119 700 123 668 112 4 314 267 927 160 772 143 684 132 3	0
42 20 9 14 1601 471 2410 523 1460 447 4 286 406 5455 70 2296 143 1855 26 16	0
2 17 9 13 795 380 744 392 802 375 344 314 267 32 160 40 143 23 132 455	0
21 1 65 628 1839 425 1236 383 1185 412 10 5 11 842 130 1031 219 803 111 6	0
12 20 43 53 26304 242 25489 230 26736 240 4 18 22 1021 39 1014 37 8825 38 3	1
12 1 7 14 11298 169 11430 244 13936 179 8 90 92 150 95 149 94 148 97 58	0
239 17 9 14 25 301 31 348 24 274 4 5 36 4376 160 4384 143 4826 132 6	0
42 1 9 13 10594 242 10051 230 10496 240 4 5 11 4216 245 6066 364 3070 162 6	0
2 19 7 105 1438 113 1656 128 1675 134 8 18 266 253 252 103 102 1455 38 16	1
141 135 7 91 450 433 453 439 562 546 8 151 33 29586 407 20384 325 2624 126 3	1
12 1 9 13 1080 78 1004 68 1094 76 10 34 36 32 259 40 311 23 172 27	0
2 19 424 650 2727 384 315 118 2882 386 67 47 359 1092 98 1091 96 1076 106 16	0
2 19 7 105 12057 158 13130 200 12844 181 8 18 22 480 39 481 37 2158 26 16	1
42 1 43 53 7125 242 6772 230 6840 240 29 286 322 4607 483 705 254 22862 331 16	1
60 1 9 14 20158 171 20536 214 20209 173 10 5 11 1165 30 1615 52 834 15 6	0
21 1 43 53 3015 78 2853 68 3090 76 4 5 11 1009 30 1249 52 775 15 6	0
83 20 9 13 4523 54 6071 62 4407 49 4 18 22 220 39 215 37 6510 26 3	0
310 17 9 13 4028 78 3575 68 4032 76 4 47 117 108 98 100 96 114 106 3	0
42 1 7 14 817 169 1099 244 814 179 8 90 92 150 95 149 94 148 97 3	0
2 1 122 131 338 82 328 80 5382 208 44 18 22 220 39 215 37 3527 111 16	0
42 1 7 14 3208 56 4186 81 2652 45 8 18 22 399 39 395 37 770 557 3	1
147 71 365 91 458 168 315 118 463 198 10 5 251 902 265 1052 279 1215 307 6	1
21 17 7 13 12840 84 16941 164 12211 77 8 18 22 249 39 248 37 23 126 3	1
60 17 7 13 6927 337 7230 336 7782 349 8 35 142 4569 30 979 64 2824 15 58	0
156 19 7 105 575 113 604 128 611 134 8 55 33 666 130 72 51 652 111 3	1
12 1 9 14 488 340 496 360 490 288 856 34 11 530 144 571 176 509 69 2615	0
12 20 43 53 25 242 31 230 24 240 10 221 161 11052 407 7055 325 11166 377 27	0
60 1 9 13 3158 171 3730 214 3177 173 29 5 11 868 30 1049 52 656 15 6	0
2 120 175 191 4000 431 3775 415 3817 432 180 372 33 1309 30 270 51 1895 464 27	0
2 71 185 57 1005 54 50 28 962 49 44 47 327 819 334 820 323 808 312 58	0
2 250 7 502 1488 56 1952 81 1341 45 8 55 87 32 302 72 51 2301 26 3	0
141 563 7 184 153 152 140 139 183 182 8 151 33 20597 256 3162 347 6789 15 3	1
2 71 7 155 19188 168 19663 118 19852 198 8 235 406 891 70 72 51 994 15 3	1
12 20 43 53 3864 223 2889 157 3881 233 4 5 66 4961 48 7540 74 2925 26 6	0
21 20 65 63 576 223 517 157 582 233 10 18 22 220 39 215 37 783 15 3	1
2 19 185 125 7819 84 11018 164 6640 77 44 18 22 480 39 481 37 1219 15 16	1
2 120 99 308 477 291 474 296 475 289 4 5 396 9272 89 11759 189 15418 241 6	1
2 19 7 105 1260 113 1340 128 1364 134 8 55 33 10069 30 72 51 7435 15 3	1
239 1 280 14 2433 313 4218 437 2370 284 159 90 92 369 95 367 94 368 97 116	0
60 1 65 63 136 73 50 28 138 75 4 18 22 236 224 237 231 833 162 3	1
83 1 9 13 25 272 31 285 24 275 29 5 11 743 341 779 356 781 361 6	0
2 1 65 63 370 73 238 28 371 75 10 35 33 11646 133 401 279 11562 126 58	0
12 20 9 13 2218 78 1823 68 2241 76 10 5 66 1639 48 2381 74 1130 26 6	0
42 17 177 865 1912 352 1695 351 1958 345 4 5 36 12801 256 10046 166 11143 217 6	0
21 1 9 125 25 554 31 566 24 549 4 18 22 236 224 237 231 4719 129 3	0
21 17 9 13 7953 340 7993 360 8012 288 180 34 36 7863 30 12111 52 5914 15 85	0
12 1 9 14 2300 158 2758 200 2500 181 344 34 11 1192 350 1058 381 1290 326 258	0
2 20 9 14 9191 190 9015 199 9069 197 4 18 22 249 39 248 37 1187 217 3	0
12 20 43 53 14163 78 13339 68 13959 76 4 5 66 11053 48 15511 74 7128 26 6	0
2 19 99 308 477 291 474 296 475 289 4 5 196 15869 89 20515 189 22307 241 6	1
2 1 9 13 25 272 31 285 24 275 29 314 267 1224 160 1016 143 946 132 27	0
21 17 9 13 25 242 31 230 24 240 4 35 36 19946 508 18108 501 18334 331 116	0
218 71 185 178 11380 84 7037 230 12497 77 346 18 22 220 39 215 37 1457 172 116	1
60 1 9 14 5788 171 7138 214 5387 173 4 5 11 16459 30 20868 52 11412 15 6	0
2 124 673 558 3763 297 12153 62 6107 77 67 235 86 1370 89 103 102 1098 38 3	0
548 20 207 204 479 210 478 209 476 211 159 35 11 786 578 720 505 1227 716 58	0
42 1 9 14 981 54 1111 62 928 49 4 18 22 532 483 1060 445 1007 126 3	1
137 19 99 308 778 291 776 296 777 289 4 18 22 220 39 215 37 4874 15 3	1
21 20 7 125 15292 84 21197 164 14391 77 8 18 22 249 39 248 37 452 172 3	1
156 19 99 184 153 152 140 139 183 182 4 5 196 6963 89 9610 189 10620 241 6	0
12 1 9 13 25 174 31 163 24 167 4 5 11 1369 30 1718 52 991 15 6	0
12 1 65 63 136 73 50 28 138 75 67 286 33 887 442 1503 254 2992 15 3	0
12 1 65 63 136 73 50 28 138 75 10 286 406 5023 243 2308 143 652 111 3	0
2 71 46 3865 890 374 213 187 427 255 4 55 33 32 59 270 51 922 15 3	0
42 1 43 53 10594 242 10051 230 10496 240 10 5 11 10966 30 14314 52 11100 15 6	0
2 120 7 282 5254 113 5940 128 5931 134 8 2293 86 769 146 215 37 989 15 16	1
137 19 46 57 2815 56 50 28 2701 45 10 379 86 3583 133 840 430 2841 145 58	0
21 20 9 14 1289 54 1324 62 1226 49 4 5 66 2855 48 4459 74 2039 26 6	0
137 19 99 308 778 291 776 296 777 289 4 35 86 11908 133 19016 228 2822 111 16	1
141 563 7 184 153 152 140 139 183 182 8 151 142 6713 59 26024 166 5701 38 3	1
137 19 175 495 869 297 794 300 923 324 10 55 33 737 30 72 51 632 15 3	1
21 1 9 14 2152 119 2390 123 2183 112 29 34 36 8162 350 8738 381 8488 326 85	0
21 17 65 63 136 73 50 28 138 75 67 34 36 1629 59 1787 64 1208 38 27	0
2 135 725 57 2063 56 50 28 1843 45 44 47 359 434 418 435 420 428 400 16	1
60 20 61 110 109 104 107 101 93 88 644 35 87 3141 48 2695 52 2378 26 366	0
12 1 7 14 998 56 1114 81 975 45 8 35 33 2415 30 18498 64 2009 15 16	0
2 1 7 14 2138 54 2401 62 1849 49 8 18 22 332 39 330 37 2090 132 3	1
12 1 280 178 8518 283 1006 62 7478 246 159 320 161 32 407 40 325 23 377 58	1
310 17 7 13 9781 337 9902 336 10523 349 8 314 267 1224 160 1016 143 946 132 3	0
141 563 7 184 153 152 140 139 183 182 8 151 33 1800 130 1159 387 1206 111 3	0
156 19 177 11928 294 210 213 187 427 255 44 35 33 757 59 72 51 658 38 16	1
21 1 9 14 13003 329 13094 333 13007 339 637 34 11 743 341 779 356 781 361 27	0
629 1 65 63 136 73 50 28 138 75 4 5 11 32 212 40 269 23 129 6	0
459 1 61 263 261 229 213 187 262 227 10 47 281 277 144 278 176 115 69 482	1
2 1 354 155 287 186 295 193 298 195 180 34 36 4400 144 6075 176 4391 69 27	0
2 1 7 14 21268 168 21313 118 22090 198 8 47 327 385 334 376 323 357 312 16	0
534 165 7 273 26837 297 27279 300 28177 324 8 320 303 3597 290 3448 343 3310 276 3	1
12 1 9 13 1765 56 3188 81 1638 45 4 35 87 4164 222 1288 51 3342 126 16	0
2 17 9 13 662 54 714 62 648 49 4 5 36 1338 30 1785 52 1037 15 6	0
2 71 7 155 18296 384 19925 408 19647 386 8 235 86 1471 146 72 51 1337 38 3	1
2 71 7 155 25 168 31 118 24 198 8 35 33 8840 442 1133 305 6342 411 1282	0
156 19 99 184 153 152 140 139 183 182 4 5 196 1642 89 2312 189 2877 241 6	0
12 1 9 14 25 78 31 68 24 76 4 5 11 20514 59 20954 64 16055 38 6	0
2 41 7 225 1055 154 1198 203 1147 188 8 18 22 7985 39 7834 37 5461 162 3	1
969 899 7 191 14257 306 12242 271 14505 304 8 79 22 220 39 215 37 5723 162 3	0
534 165 185 201 1286 380 50 28 1276 375 44 18 22 249 39 248 37 462 15 16	0
141 135 7 91 394 82 389 80 595 232 8 151 33 32 212 16683 325 23 126 3	1
21 1 9 13 5195 337 5066 336 5625 349 29 90 92 150 95 149 94 148 97 3	0
2 120 46 178 22334 171 31 28 22089 173 10 35 87 10953 48 14996 74 23 331 116	0
2 71 46 178 4581 84 31 348 4172 77 29 47 117 108 98 100 96 114 106 85	0
21 1 7 14 488 340 496 360 490 288 8 79 33 521 341 877 472 509 69 58	0
2 19 7 105 7344 113 7751 128 7857 134 8 55 33 32 59 72 51 6731 15 3	1
239 20 65 63 576 223 517 157 582 233 4 5 66 6814 290 10081 343 6392 276 6	0
42 1 61 263 261 229 213 187 262 227 29 5 11 1588 130 2474 219 1423 111 6	0
2 41 99 155 885 186 952 193 957 195 10 18 22 249 39 248 37 3288 172 3	1
12 1 9 13 2402 78 2191 68 2369 76 29 5 11 545 259 613 311 452 172 6	0
2 19 7 105 12057 158 13130 200 12844 181 8 55 33 908 130 72 51 2108 15 3	1
2 124 46 57 1038 174 50 28 7416 188 10 18 266 253 252 103 102 1011 326 3	0
2 1 122 131 538 82 536 80 1196 45 180 90 92 150 95 149 94 148 97 3	0
2 19 61 110 109 104 107 101 93 88 159 379 86 6240 89 494 445 452 172 58	0
2 17 9 14 488 340 496 360 490 288 180 34 36 23516 160 23485 143 21188 132 85	0
2 120 122 131 538 82 536 80 5674 77 159 47 327 385 334 376 323 357 312 58	0
21 1 43 53 25 174 31 163 24 167 4 5 11 1376 30 1871 52 1156 15 6	0
2 250 46 178 2377 84 11096 157 1921 77 4 235 268 32 353 40 347 2097 38 247	0
2 1 9 14 3455 78 3149 68 3324 76 29 18 22 399 39 395 37 2357 217 3	1
83 124 854 596 2260 484 4250 540 298 195 29 235 86 1869 133 103 102 10426 402 3	0
2 41 7 225 12594 154 15551 203 14587 188 8 90 92 369 95 367 94 368 97 116	0
2 17 7 13 26308 234 27071 299 25866 208 8 47 117 108 98 100 96 114 106 366	1
12 1 9 13 25 352 31 351 24 345 29 5 11 901 245 1358 364 833 162 6	0
539 124 280 53 10339 242 9659 230 10227 240 346 47 117 108 98 100 96 114 106 366	0
21 1 9 14 8250 234 9650 299 7519 208 4 286 202 12080 70 8139 166 20894 121 3	1
83 20 9 13 25 417 31 414 24 413 180 34 33 1842 30 4675 143 1239 15 455	0
12 1 43 53 2185 190 2176 199 2341 197 4 5 11 1883 245 2487 364 1334 162 6	0
2 41 7 225 25 113 31 128 24 134 8 55 661 1424 552 771 319 2080 145 3	1
42 165 7 273 10936 82 10717 80 15505 232 8 55 142 32 130 40 219 9756 132 3	1
2 17 9 14 572 374 592 410 577 255 637 34 11 530 144 571 176 509 69 939	0
141 135 7 91 338 82 328 80 568 232 8 151 87 4104 222 16842 305 2150 126 3	1
42 71 46 57 2141 56 567 28 2135 45 4 5 251 8911 302 13009 226 14437 470 6	0
12 17 9 13 25 78 31 68 24 76 4 5 36 13430 59 14422 64 9134 38 6	0
12 1 9 13 25 329 31 333 24 339 10 5 11 1309 30 2016 52 739 15 6	0
2 1 9 14 25 158 31 200 24 181 4 5 11 785 146 993 216 830 145 6	0
12 1 177 13 25 329 31 333 24 339 44 18 266 253 252 103 102 115 69 16	0
83 17 9 13 1050 78 940 68 1122 76 67 5 36 965 30 1140 52 783 15 6	0
137 7571 175 191 3602 306 3555 271 3563 304 4 5 5468 10122 243 9765 257 9448 264 6	0
2 41 61 110 109 104 107 101 93 88 67 5 206 2053 70 2949 127 2818 121 6	0
42 1 61 110 109 104 107 101 93 88 44 35 11 8445 146 10783 216 9079 145 16	0
147 19 7 105 6006 113 6928 128 6858 134 8 335 86 32 363 40 382 2722 126 3	1
2 165 46 57 3547 56 31 68 870 227 4 5 560 11716 363 18916 382 16877 318 6	0
42 17 7 13 21121 272 22654 285 22378 275 8 47 281 277 144 278 176 115 69 3	0
12 17 9 13 884 329 839 333 911 339 67 5 36 4012 259 5371 311 3582 172 6	0
534 41 7 225 2353 154 3116 203 2637 188 8 18 22 480 39 481 37 834 15 3	1
60 17 7 13 2218 78 1823 68 2241 76 8 90 92 1803 341 1779 356 1777 361 3	0
459 41 61 110 109 104 107 101 93 88 159 79 661 21978 160 16923 143 15750 162 58	0
42 20 192 170 1927 119 1832 123 1792 112 67 34 11 743 341 779 356 781 361 85	0
12 20 9 13 3843 329 3698 333 3960 339 4 35 87 16089 48 14299 387 115 69 16	0
2 17 9 13 1856 158 2069 200 2043 181 4 47 359 434 418 435 420 428 400 16	0
21 1 65 63 370 73 238 28 371 75 29 221 406 32 256 1133 305 23 217 85	0
218 124 354 155 287 186 295 193 298 195 4 18 22 249 39 248 37 1651 111 3	1
137 1 46 57 708 337 28958 164 678 349 180 524 396 774 468 877 472 780 491 258	0
2 124 46 57 1794 56 50 28 1501 45 29 35 161 32 256 40 166 23 217 247	0
2 20 9 14 572 374 592 410 577 255 67 34 36 32 245 40 364 23 162 258	0
60 17 207 204 1825 340 1804 360 1840 288 44 79 86 1454 89 3073 189 5419 264 58	0
21 1 43 53 25 506 31 518 24 403 10 5 11 22481 59 24607 64 19185 38 6	0
2 124 46 57 25 54 238 28 24 49 29 5 161 4464 243 4728 257 5419 264 6	0
2 71 280 57 1085 56 6828 333 984 45 499 90 92 150 95 149 94 148 97 247	0
2 124 7 53 5341 154 6609 203 6548 188 8 335 202 3227 70 1144 319 1818 15 58	0
2 20 9 13 12486 171 13912 214 12303 173 10 34 11 13791 130 18931 219 15520 111 27	1
42 1 46 201 9796 234 31 518 9278 208 180 524 251 393 265 401 279 419 307 455	0
60 17 9 13 25 417 31 414 24 413 4 35 142 25856 508 8879 325 14843 331 116	0
21 1 7 14 15123 171 16829 214 14147 173 8 18 22 236 224 237 231 1131 121 3	1
2 120 46 178 9149 84 31 333 7464 77 4 35 86 16629 89 24599 189 809 26 116	0
21 1 9 14 708 337 699 336 678 349 180 314 267 852 160 728 143 655 132 85	0
2 41 177 558 2998 297 473 118 2254 45 180 320 303 1874 398 1671 319 1633 373 27	0
218 1 7 14 15291 171 18074 214 15482 173 8 18 266 253 252 103 102 713 26 3	1
426 165 7 273 4038 297 4203 300 4686 324 8 18 266 253 252 103 102 2373 145 16	1
2 1 9 14 19934 54 22622 62 18186 49 4 47 359 434 418 435 420 428 400 3	0
2 41 194 57 24017 169 27322 244 1101 284 10 55 33 2398 30 3336 52 4470 402 16	0
2 19 7 105 1152 158 1221 200 1225 181 8 18 22 249 39 248 37 2080 145 3	1
2 41 194 57 2279 84 378 317 1516 77 29 593 303 606 511 569 492 598 514 27	0
12 20 7 125 11270 84 18304 164 10105 77 8 18 22 220 39 215 37 1790 38 3	0
12 1 43 53 25 190 31 199 24 197 10 5 11 695 133 907 228 845 205 6	0
83 17 9 13 25 174 31 163 24 167 4 18 22 440 39 438 37 748 15 3	1
141 135 7 91 660 82 659 80 1027 232 8 151 36 30350 363 30317 382 30289 318 3	1
12 2273 7 865 1406 119 1420 123 1451 112 8 90 92 150 95 149 94 148 97 3	0
663 17 7 13 25 272 31 285 24 275 8 47 281 277 144 278 176 115 69 3	0
12 1 9 13 25 272 31 285 24 275 4 5 11 545 259 613 311 452 172 6	0
2 41 194 201 25 506 31 518 24589 284 29 18 22 934 39 931 37 23 555 3	0
12 1 43 53 2054 272 1976 285 2144 275 4 5 11 1123 416 1556 461 903 321 6	0
12 1 7 14 5447 313 7603 437 4386 284 8 355 267 32 508 40 501 23 331 16	0
147 41 365 91 458 168 315 118 463 198 29 635 87 6036 48 1285 305 4285 26 85	1
2 120 7 282 624 431 601 415 634 432 8 55 33 8105 59 72 51 639 321 3	1
21 1 43 53 2185 190 2176 199 2341 197 10 34 11 530 144 571 176 509 69 27	0
12 1 9 14 488 340 496 360 490 288 29 34 11 530 144 571 176 509 69 27	0
2 41 342 155 287 186 295 193 298 195 4 35 322 8874 302 796 429 909 111 58	0
42 1 61 110 109 104 107 101 93 88 44 79 1510 3714 508 3963 501 2658 331 116	0
969 899 175 191 19409 171 17686 214 19799 173 4 5 303 3481 290 3557 343 2816 276 6	0
12 1 9 13 1366 84 2114 164 1200 77 10 34 11 1518 30 2060 52 1132 15 27	0
2 20 7 125 5112 168 5424 118 5530 198 8 335 202 3045 70 362 254 4370 121 3	1
2 1 43 53 22275 56 24394 81 20572 45 4 5 11 32 30 40 52 23 15 6	0
2 466 122 131 8729 384 8649 408 24 413 67 18 22 236 224 237 231 16817 126 3	0
218 19 520 191 535 443 526 436 533 441 4 55 33 773 130 605 51 909 111 3	1
137 250 1597 14 525 352 529 351 537 345 10 372 33 32 146 3291 51 23 145 27	0
12 17 43 53 6060 242 5599 230 6095 240 10 34 36 5214 442 4565 465 5235 411 27	0
141 563 7 184 153 152 140 139 183 182 8 151 66 1705 48 2676 74 1264 26 3	0
2 19 185 57 7888 56 238 28 2453 45 44 90 92 369 95 367 94 368 97 58	0
12 1 9 14 12570 234 15703 299 11055 208 10 5 11 4846 30 6430 52 2583 15 6	0
239 1 9 13 918 54 915 62 864 49 10 34 36 4867 130 7196 219 2822 111 27	0
2 20 43 53 25778 54 26430 62 25179 49 10 5 66 1447 30 2159 52 1219 15 6	0
12 1 448 586 761 73 567 28 762 75 10 47 117 108 98 100 96 114 106 58	0
12 1 9 14 25 174 31 163 24 167 10 34 11 32 59 40 64 23 38 27	0
12 20 689 178 25 554 1613 62 24 549 159 79 1510 3714 508 3963 501 2658 331 116	0
12 1 43 504 9658 190 10827 271 9240 197 4 5 11 2243 130 3179 219 1367 111 6	0
2 165 46 57 2004 56 805 157 1793 45 29 405 251 393 265 401 279 419 307 85	1
21 1 7 14 25 56 31 81 24 45 8 47 117 108 98 100 96 114 106 58	1
21 1 9 14 1322 158 1521 200 1388 181 4 5 11 842 130 1031 219 803 111 6	0
548 17 9 13 12600 78 11986 68 12225 76 29 90 92 1803 341 1779 356 1777 361 3	0
12 20 7 125 2212 84 3696 164 1806 77 8 391 202 2840 70 4075 127 643 38 58	1
2 19 185 178 1134 84 27236 214 1065 77 44 35 358 2728 146 2970 216 18195 38 58	0
12 1 122 131 538 82 536 80 928 49 44 18 22 332 39 330 37 462 15 16	1
42 120 175 495 588 168 473 118 590 198 10 320 303 14626 398 13920 319 11823 373 16	1
2 41 194 57 4486 56 378 317 4327 45 29 320 303 1284 398 771 319 1154 373 27	0
42 17 177 201 23115 272 23967 285 668 112 346 90 92 369 95 367 94 368 97 574	0
12 20 9 13 13939 242 12969 230 13460 240 4 18 22 249 39 248 37 497 326 3	1
156 19 185 57 22680 171 238 28 22789 173 44 1204 33 3599 245 4571 387 1563 162 16	1
534 41 7 225 6889 154 7493 203 7087 188 8 18 22 220 39 215 37 1239 15 3	1
2 19 99 184 153 152 140 139 183 182 4 79 358 1540 89 2275 189 1301 162 116	0
534 2303 7 3835 2936 337 2993 336 3834 349 8 79 142 6587 59 2391 52 5690 38 3	0
12 1 7 14 5563 234 7197 299 5077 208 8 355 36 32 222 40 309 23 126 16	1
12 1 9 14 5079 54 5665 62 5036 49 4 5 11 1487 130 2193 219 1184 111 6	0
21 1 7 14 6953 171 9799 214 7008 173 8 18 22 249 39 248 37 16883 217 3	1
2 1 61 110 109 104 107 101 93 88 159 90 92 150 95 149 94 148 97 58	0
21 1 9 14 525 352 529 351 537 345 67 34 36 4175 256 2518 166 3234 217 258	0
147 71 7 155 1565 168 1708 118 1596 198 8 55 33 3311 30 72 51 2493 15 3	1
141 135 7 91 338 82 328 80 568 232 8 151 87 7614 245 72 51 4945 162 3	1
2 19 46 57 715 54 50 28 731 49 10 5 196 1280 133 2068 228 1965 205 6	0
12 1 7 14 638 56 756 81 594 45 8 79 322 902 265 1052 279 9203 111 3	1
12 1 689 201 1780 119 213 187 427 255 44 47 117 108 98 100 96 114 106 16	0
2 1 9 13 6518 78 6296 68 6497 76 10 34 36 6625 30 8380 52 6183 15 27	0
12 1 448 57 4962 169 50 28 607 288 10 5 11 1916 30 2755 52 1506 15 6	0
21 1 9 14 1669 56 2478 81 1552 45 10 34 11 2692 59 2857 64 2097 38 27	0
137 19 46 57 1085 56 31 285 984 45 29 5 196 785 146 993 216 830 145 6	0
137 1 177 201 3674 380 213 187 427 255 4 5 11 887 442 1231 465 831 411 6	0
83 20 192 170 3418 223 3142 157 3401 233 10 34 11 32 407 40 325 23 377 27	0
42 1 61 263 261 229 213 187 262 227 29 47 281 277 144 278 176 115 69 3	0
21 1 65 63 136 73 50 28 138 75 10 221 206 1567 243 2145 257 1624 264 27	0
83 71 7 155 287 186 295 193 298 195 8 372 33 784 59 1285 305 686 38 3	1
2 250 61 110 109 104 107 101 93 88 10 18 22 332 39 330 37 23 129 16	0
2 1 9 13 23308 234 26359 299 23489 208 4 90 92 150 95 149 94 148 97 3	0
12 1 448 586 2594 73 1572 28 2597 75 4 5 11 1523 59 1821 64 1098 38 6	0
2 71 175 13 1621 431 1583 415 1667 432 10 372 33 954 30 72 51 2132 276 27	1
60 20 9 14 488 340 496 360 490 288 29 18 22 249 39 248 37 9095 457 3	1
12 1 9 13 5372 380 5172 392 5523 375 4 5 11 1473 442 1474 465 1323 411 6	0
2 20 192 170 790 119 747 123 724 112 10 18 22 1636 39 1586 37 643 38 366	0
12 1 65 63 136 73 50 28 138 75 10 5 11 1515 30 2019 52 1188 15 6	0
12 1 7 14 5219 301 6583 348 5022 274 8 90 92 150 95 149 94 148 97 3	0
12 20 43 225 25 154 31 203 24 188 4 18 22 236 224 237 231 23 402 3	1
12 1 65 63 136 73 50 28 138 75 344 34 36 965 30 1140 52 783 15 258	0
2 124 46 504 25 242 238 28 24 240 67 5 161 891 70 1135 127 1063 121 6	0
2 20 7 125 3750 84 6389 164 3806 77 8 18 22 236 224 237 231 1643 15 3	0
21 20 9 14 817 169 1099 244 814 179 4 5 66 14880 222 19261 309 10584 126 6	0
2 124 46 57 5975 84 31 285 5259 77 10 47 359 434 418 435 420 428 400 16	0
426 41 7 225 4663 154 5211 203 5119 188 8 18 266 253 252 103 102 806 38 3	1
2 1 448 201 1050 78 940 68 607 288 4 35 87 7925 245 23830 166 5938 162 58	1
60 20 9 13 25 272 31 285 24 275 4 18 22 249 39 248 37 2343 162 3	0
2 41 194 201 7096 54 1324 62 6855 49 29 446 251 393 265 401 279 419 307 85	0
218 1 7 14 25 171 31 214 24 173 8 18 266 253 252 103 102 2126 580 3	1
2 1 7 14 10129 169 14840 244 10498 179 8 79 22 249 39 316 260 115 69 3	0
21 1 7 14 2115 56 3243 81 1846 45 8 391 202 25102 70 27740 127 13386 26 3	1
12 1 7 14 25 234 31 299 24 208 8 90 92 369 95 367 94 368 97 3	0
2 10712 46 13 624 431 601 415 634 432 4 5 3391 3395 290 3518 343 2011 276 6	1
141 135 7 91 538 82 536 80 738 232 8 151 66 1480 222 1745 309 1007 126 3	1
2 19 7 105 4300 306 4875 271 4722 304 8 35 86 1102 133 1632 228 681 15 58	0
459 19 99 308 477 291 474 296 475 289 4 5 196 1869 133 3283 228 3260 205 6	1
21 1 9 13 25 272 31 285 24 275 10 34 11 9256 59 11680 64 6774 38 27	0
156 19 185 14 11560 171 13446 214 11330 173 44 18 22 7966 39 7667 37 18756 145 16	1
2 19 7 105 1957 113 2171 128 2299 134 8 55 33 2823 30 72 51 2137 15 3	1
12 1 9 14 14808 242 15079 230 14610 240 344 34 11 32 30 40 52 23 15 85	0
21 1 9 14 5079 54 5665 62 5036 49 10 34 66 3095 48 4411 74 2383 26 27	0
137 120 175 191 2964 306 2076 271 3030 304 29 372 672 1175 687 581 429 1008 557 27	1
2 71 7 155 4101 168 4163 118 4220 198 8 18 22 220 39 215 37 1180 15 16	1
60 20 9 14 6020 54 6608 62 5435 49 4 5 66 3790 48 5478 74 2625 26 6	0
21 1 43 53 11999 190 11712 199 12007 197 10 34 11 2235 423 2444 387 1539 402 27	0
21 1 65 63 136 73 50 28 138 75 67 34 36 545 259 613 311 452 172 27	0
137 1 354 155 287 186 295 193 298 195 67 47 117 108 98 100 96 114 106 3	0
2 71 61 110 109 104 107 101 93 88 10 18 22 249 39 248 37 1316 26 3	0
137 19 185 57 1541 54 50 28 1332 49 44 18 266 253 252 103 102 806 38 16	0
397 1 99 184 153 152 140 139 183 182 4 18 22 440 39 438 37 903 321 16	1
12 1 448 586 761 73 567 28 762 75 4 5 11 2027 59 1724 64 1262 38 6	0
2 41 61 110 109 104 107 101 93 88 180 55 33 8184 222 8405 305 8500 162 3	0
2 20 43 53 3102 78 2939 68 3111 76 10 221 161 25898 256 17733 166 26045 217 27	0
2 1 9 13 1024 380 995 392 1023 375 10 35 11 1056 146 1277 216 996 145 16	0
2 1 192 170 25 119 31 123 24 112 44 79 661 1424 552 316 260 115 69 16	0
83 19 520 191 535 443 526 436 533 441 4 5 196 4740 70 7786 127 5275 121 6	1
12 1 9 13 3099 313 3936 437 3139 284 344 34 11 2078 30 2956 52 1384 15 627	0
60 17 7 13 11799 54 13554 62 11214 49 8 90 92 150 95 149 94 148 97 3	0
2 17 9 13 25 554 31 566 24 549 4 90 92 1803 341 1779 356 1777 361 3	0
21 20 7 125 6775 84 12430 164 6168 77 8 90 92 150 95 149 94 148 97 3	0
12 1 65 63 136 73 50 28 138 75 4 5 11 799 59 910 64 682 38 6	0
42 466 61 263 261 229 213 187 262 227 29 47 281 277 144 278 176 115 69 3	0
21 20 9 14 17035 272 16655 285 17028 275 4 90 92 369 95 367 94 368 97 3	0
2 19 7 105 1504 158 1714 200 1664 181 8 55 33 1518 30 72 51 1132 15 3	1
147 71 7 155 16586 384 24029 408 18077 386 8 90 92 150 95 149 94 148 97 3	0
83 20 9 14 8819 54 9727 62 8235 49 10 5 66 32 48 40 74 23 26 6	0
2 41 424 596 6521 484 315 118 1332 49 67 235 86 1463 146 103 102 1239 15 3	0
2 20 61 110 109 104 107 101 93 88 159 355 87 16559 222 5360 143 23 126 58	0
2 17 9 13 12040 301 13106 348 12164 274 67 18 22 1465 302 1083 226 5967 26 3	0
2 19 7 105 1002 113 1107 128 1119 134 8 47 117 108 98 100 96 114 106 3	0
665 17 61 110 109 104 107 101 93 88 44 47 327 819 334 820 323 808 312 58	0
137 120 46 421 551 409 541 390 550 404 4 5 396 2662 133 4347 228 4835 205 6	0
42 17 61 263 261 229 213 187 262 227 4 90 92 150 95 149 94 148 97 58	0
2 19 122 131 394 82 389 80 710 403 67 55 33 32 130 270 51 1442 15 3	0
60 1 7 14 1472 313 3218 437 1317 284 8 79 33 6181 59 316 260 115 69 3	0
218 71 46 628 531 425 486 383 528 412 4 35 406 32 243 40 257 18811 373 58	0
141 563 7 184 153 152 140 139 183 182 8 151 33 26427 212 72 51 23 126 3	1
2 1 61 110 109 104 107 101 93 88 67 5 11 3432 212 4526 269 2197 129 6	1
2 1 43 53 7117 78 7040 68 7115 76 29 221 161 29156 407 26791 325 28064 377 85	0
12 17 207 204 294 210 293 209 292 211 644 35 36 20993 508 21184 501 14410 331 366	0
397 19 7 105 1628 158 1870 200 1853 181 8 55 66 3303 48 4696 74 2463 26 3	1
12 1 43 273 20411 297 20590 300 21261 324 4 5 11 11563 146 16649 216 11967 145 6	0
83 20 43 53 961 223 859 157 953 233 4 18 22 236 224 237 231 23 129 3	0
2 41 7 225 8388 171 8664 214 8492 173 8 18 22 934 39 931 37 1206 111 3	1
2 250 46 57 2790 301 559 28 24 413 10 55 33 1449 30 72 51 23 451 16	0
21 1 43 53 1195 471 1118 523 1186 447 10 5 11 666 130 914 219 652 111 6	0
969 7571 177 125 1751 84 2762 164 1402 77 4 5 5468 10122 243 9765 257 9448 264 6	0
42 17 9 13 963 340 985 360 958 288 4 47 281 277 144 278 176 115 69 3	0
426 165 185 57 15492 169 50 28 17586 246 44 18 266 253 252 103 102 7254 26 16	1
2 17 9 13 25 554 31 566 24 549 29 47 359 804 561 782 260 765 587 3	0
21 1 1493 489 24772 154 26720 203 3672 76 44 286 358 521 341 1500 429 1529 15 16	0
42 17 7 13 11184 171 12918 214 11154 173 8 35 36 18712 212 22390 269 17298 129 16	0
2 124 46 178 17247 84 31 199 13852 77 10 47 327 385 334 376 323 357 312 16	0
83 1 43 53 19067 78 17876 68 19072 76 29 18 22 399 39 395 37 23 132 3	1
218 124 177 170 1927 119 1832 123 1792 112 4 18 22 236 224 237 231 23 129 3	1
147 41 365 91 707 600 654 565 913 688 4 5 206 695 133 907 228 845 205 6	0
12 17 9 13 25 174 31 163 24 167 4 5 36 19205 212 23705 269 16024 129 6	0
42 135 7 91 591 82 583 80 925 232 8 151 142 5980 144 1864 343 1337 38 3	1
21 20 175 3008 6885 190 6621 199 6791 197 29 5 66 2809 48 4678 74 2153 26 6	0
147 41 194 125 1505 54 1622 62 1410 49 29 405 956 253 252 103 102 822 813 85	0
21 1 7 14 25 190 31 199 24 197 8 18 22 332 39 330 37 4541 111 3	0
2 250 7 502 24248 484 28370 540 28696 544 8 18 266 253 252 103 102 2880 172 3	1
60 1 65 63 136 73 50 28 138 75 180 34 36 1495 30 1978 52 1232 15 258	0
12 1 65 63 136 73 50 28 138 75 10 34 36 7989 245 11235 364 6902 162 27	0
426 165 7 273 25 297 31 300 24 324 8 90 92 150 95 149 94 148 97 3	0
60 1 9 13 11806 329 13063 333 12713 339 4 5 11 1515 30 2019 52 1188 15 6	0
12 1 9 13 8187 234 10158 299 8284 208 10 221 161 32 256 40 166 23 217 27	0
2 41 342 105 881 443 892 436 898 441 4 47 327 385 334 376 323 357 312 16	0
12 500 9 13 1050 78 940 68 1122 76 10 35 142 799 59 3145 166 682 38 16	0
397 19 7 105 8471 158 9026 200 9088 181 8 18 22 249 39 248 37 115 69 3	1
147 120 175 191 3385 384 3462 408 3715 386 159 55 87 801 48 7997 166 694 26 116	1
12 1 9 13 9419 78 7521 68 9496 76 29 34 36 6370 256 4450 166 6049 217 27	0
2 17 9 13 618 113 619 128 636 134 4 5 36 589 30 680 52 522 15 6	1
310 1 9 13 12711 242 11969 230 12034 240 67 34 36 5460 508 4735 501 1904 331 258	0
2 41 194 14 25 283 31 388 24 246 10 18 266 253 252 103 102 922 15 3	1
2 19 185 57 2768 56 50 28 814 179 159 379 86 1218 422 1331 226 1997 162 58	0
21 20 448 586 2101 73 1312 28 2106 75 4 5 66 4018 222 6042 309 2624 126 6	0
2 1 43 53 3900 54 3784 62 3909 49 67 34 36 22943 212 23470 269 18354 129 258	0
137 124 46 57 9720 169 50 28 9871 403 180 335 202 20858 146 494 445 19189 145 3	0
2 71 122 131 591 82 583 80 668 112 159 379 202 32 70 1331 226 2383 26 116	1
83 20 177 105 4854 113 5590 128 5644 134 67 34 11 1300 133 1631 228 1942 205 27	0
2 17 9 13 3150 171 4577 214 2983 173 29 34 36 8445 146 10783 216 9079 145 85	0
42 17 7 13 25 272 31 285 24 275 8 47 281 277 144 278 176 115 69 3	0
2 71 7 155 5112 168 5424 118 5530 198 8 335 202 7975 70 362 254 1007 126 3	1
2 41 175 495 588 168 473 118 590 198 67 5 206 32 70 40 127 23 121 6	1
2 19 61 110 109 104 107 101 93 88 159 35 86 1280 133 2068 228 23 38 116	0
21 17 9 14 488 340 496 360 490 288 10 47 117 108 98 100 96 114 106 3069	0
60 20 9 13 25 313 31 437 24 284 4 90 92 150 95 149 94 148 97 3	0
21 1 9 14 6521 484 7908 540 8248 544 67 34 11 1192 350 1058 381 1290 326 27	1
2 19 7 105 624 431 601 415 634 432 8 55 33 954 30 270 51 675 15 3	1
862 71 175 191 752 306 740 271 749 304 4 5 251 2266 302 4027 226 5278 470 6	0
21 124 7 53 3068 174 2546 163 3038 167 8 335 406 32 70 10858 226 23 121 3	1
141 135 177 53 1782 600 1374 565 1791 688 4 151 87 32 48 2567 52 2463 26 3	1
12 1 9 14 488 340 496 360 490 288 29 34 36 1592 160 1659 143 1748 132 85	0
21 17 7 13 9337 384 11725 408 9980 386 8 314 267 5207 160 3841 143 3800 132 3	0
2 17 7 13 25 272 31 285 24 275 8 18 22 399 39 395 37 14125 26 247	1
12 1 9 14 3041 471 3469 523 2806 447 4 5 11 829 416 1047 461 639 321 6	0
2 250 61 515 950 229 941 187 870 227 29 593 303 606 511 569 492 598 514 27	0
42 1 9 14 708 337 699 336 678 349 29 5 11 530 144 571 176 509 69 6	0
2 124 354 155 287 186 295 193 298 195 4 5 161 32 407 40 325 23 377 6	0
60 17 9 13 14773 78 14824 68 14590 76 4 90 92 150 95 149 94 148 97 16	0
60 1 9 13 662 54 714 62 648 49 180 34 626 1096 48 1512 74 948 26 85	0
2 1 43 53 25 78 31 68 24 76 344 5 11 11621 259 14544 311 9717 172 6	0
12 17 280 13 4655 78 4440 68 4596 76 159 35 1061 974 48 40 472 713 26 247	0
2 17 7 13 9331 54 9872 62 9107 49 8 79 33 3728 30 316 260 115 69 3	0
60 17 9 13 795 380 744 392 802 375 67 34 36 5214 442 4565 465 5235 411 258	0
2 1 9 13 6657 171 7509 214 6280 173 3734 34 36 5214 442 4565 465 5235 411 455	1
21 20 207 204 479 210 478 209 476 211 44 35 33 1238 30 1112 305 15272 145 247	0
21 1 61 110 109 104 107 101 93 88 346 47 117 108 98 100 96 114 106 247	0
548 1 7 14 25 234 31 299 24 208 8 47 117 108 98 100 96 114 106 3	0
218 41 342 155 287 186 295 193 298 195 4 5 206 5416 70 7498 127 7112 121 6	0
42 41 7 225 4481 154 5008 203 4890 188 8 47 281 277 144 278 176 115 69 3	0
12 1 9 14 7839 340 11190 360 7363 288 4 90 92 369 95 367 94 368 97 3	0
137 250 7 502 25 554 31 566 24 549 8 335 510 1070 70 779 356 3387 26 3	0
12 1 9 14 2264 54 2166 62 2323 49 4 5 11 579 30 657 52 462 15 6	0
156 19 99 184 153 152 140 139 183 182 4 5 196 2662 133 4347 228 4835 205 6	0
2 20 46 201 25 154 1976 285 24 188 29 5 66 2966 48 4185 74 2237 26 6	0
2 1 9 13 25 297 31 300 24 324 67 35 66 3503 130 5431 219 3222 111 16	1
2 41 175 191 758 306 671 271 753 304 29 5 206 1727 70 2198 127 2281 121 6	0
2 20 7 125 2377 84 3755 164 1921 77 8 35 33 943 59 1071 166 643 38 16	0
42 120 46 125 2124 119 2179 123 2203 112 4 18 22 612 39 599 37 1323 411 16	0
2 19 280 596 1669 56 2478 81 11173 49 346 47 793 108 98 100 96 114 106 366	0
2 120 61 110 109 104 107 101 93 88 44 320 303 24862 398 11751 319 25996 373 16	0
147 120 46 421 551 409 541 390 550 404 4 55 33 6625 30 270 51 6183 15 3	1
42 1 177 201 17177 242 16905 230 93 88 4 355 142 32 222 40 309 5370 129 1282	0
21 1 7 14 1170 380 1202 392 1155 375 8 391 202 3315 70 5552 127 1337 38 3	1
21 1 61 110 109 104 107 101 93 88 10 35 33 32 130 40 219 2801 411 16	0
21 1 7 14 1901 56 2873 81 1625 45 8 35 87 801 48 25145 269 694 26 116	0
2 165 185 178 23944 384 31 230 23010 386 44 320 697 3890 398 4902 257 3062 373 58	1
12 1 43 53 5282 223 5192 157 5303 233 4 5 11 966 133 1345 228 973 205 6	0
83 1 9 14 12257 54 11569 62 11883 49 10 34 11 1234 30 1637 52 989 15 27	0
2 20 9 13 6832 78 6655 68 6983 76 10 391 268 10304 353 11045 347 1654 132 3	1
857 466 1833 91 2428 384 1544 408 2310 386 10 5 267 10801 160 7538 143 8568 132 6	0
141 135 7 91 450 433 453 439 562 546 8 151 87 14222 222 40 319 11498 126 3	1
42 1 9 14 11351 54 12505 62 10737 49 10 5 11 3108 30 3882 52 2495 15 6	0
60 17 9 13 11789 313 14696 437 12218 284 4 5 36 4081 30 5018 52 2388 15 6	0
21 1 207 204 294 210 293 209 292 211 44 35 11 1495 30 1978 52 1232 15 16	0
663 17 61 263 261 229 213 187 262 227 4 5 36 32 363 40 382 23 318 6	0
2 41 46 57 2359 56 50 28 2148 45 10 35 202 8062 70 11160 127 3390 145 58	0
2 1 9 13 5328 56 8049 81 4720 45 29 221 161 8123 59 6010 64 8028 38 85	0
83 20 9 14 13697 158 14025 200 14340 181 4 18 22 934 39 931 37 1074 15 16	1
83 19 7 105 618 113 619 128 636 134 8 55 142 5946 30 4241 228 4721 15 3	0
42 17 9 14 2934 54 3120 62 2611 49 4 754 751 798 341 810 356 759 361 3	0
2 1 9 13 2313 234 3813 299 2127 208 29 34 36 32 493 40 485 23 451 85	0
2 19 185 57 15975 56 2742 81 14059 45 44 320 303 5052 290 4914 343 3043 276 16	0
2 71 185 57 906 169 50 28 12982 246 44 379 202 5710 70 614 226 6951 121 58	0
83 165 7 273 24551 297 26006 300 26939 324 8 18 22 440 39 438 37 11323 217 3	1
21 20 43 53 3984 242 3777 230 3519 240 4 35 33 602 48 25500 219 564 26 16	0
239 1 192 170 790 119 747 123 724 112 10 5 11 11060 59 12442 64 8992 38 6	0
12 20 207 204 294 210 293 209 292 211 44 35 87 32 290 1681 311 23 276 16	0
42 17 9 14 1522 54 1725 62 1381 49 4 5 36 1679 442 1418 465 1616 411 6	0
21 1 65 63 370 73 238 28 371 75 67 34 11 589 30 680 52 522 15 27	0
2 19 61 110 109 104 107 101 93 88 29 55 142 5483 146 270 51 4092 145 3	0
141 135 7 91 394 82 389 80 595 232 8 151 33 545 259 72 51 452 172 3	1
83 165 7 273 25 297 31 300 24 324 8 55 11 1360 259 1681 311 1020 172 3	1
2 71 46 57 6853 158 31 68 7431 181 4 5 251 32 95 40 94 23 97 6	0
21 20 9 14 2010 54 2112 62 1987 49 4 5 66 2927 48 4508 74 2162 26 6	0
2 41 342 155 287 186 295 193 298 195 4 18 22 440 39 438 37 2822 111 3	0
21 1 65 63 136 73 50 28 138 75 10 221 161 6569 423 5763 387 6319 402 27	1
12 1 65 63 136 73 50 28 138 75 180 5 11 1550 30 2129 52 1166 15 6	0
12 20 43 53 647 174 625 163 653 167 4 35 87 1644 48 2605 74 1421 15 16	0
12 17 7 13 25 84 31 164 24 77 8 79 202 1560 70 316 260 115 69 3	0
42 17 9 13 27173 242 27085 230 26835 240 4 79 33 32 212 25023 325 23 129 3	0
21 1 9 14 572 374 592 410 577 255 10 34 36 4930 256 2290 166 3723 217 27	0
12 1 65 63 507 449 378 317 498 444 4 5 11 10361 245 14247 364 8718 162 6	0
21 20 43 53 25 78 31 68 24 76 4 286 86 1300 133 4157 37 1942 205 3	1
21 1 9 14 3297 313 6201 437 2891 284 4 35 11 5266 130 7280 219 4139 111 16	0
12 20 43 273 25 190 31 199 24 197 4 5 66 3790 48 5478 74 2625 26 6	0
2 19 185 14 5035 84 6355 164 4700 77 44 18 22 220 39 215 37 821 15 16	1
218 41 342 155 287 186 295 193 298 195 4 5 206 1070 70 1475 127 1131 121 6	0
12 20 9 13 25 54 31 62 24 49 4 5 66 32 48 40 74 23 26 6	0
21 1 7 14 3147 169 4036 244 2997 179 8 355 33 887 442 16843 52 831 411 16	0
2 20 9 14 715 54 835 62 731 49 4 5 66 15680 48 22842 74 11564 26 6	0
12 17 9 13 10576 242 10335 230 10415 240 10 5 36 3959 30 5396 52 2926 15 6	0
2 71 177 596 26635 306 1106 118 27913 386 10 47 117 108 98 100 96 114 106 27	0
218 41 194 57 3100 56 238 28 2863 45 10 320 303 32 290 40 343 23 276 3	1
21 20 192 640 790 119 671 271 724 112 4 5 66 32 144 40 176 23 69 6	0
141 135 7 91 338 82 328 80 568 232 8 151 33 22899 59 72 51 17120 38 3	0
21 20 7 125 8204 84 12169 164 6642 77 8 467 33 19204 89 103 102 462 15 3	0
310 17 61 515 641 621 642 623 633 609 44 79 406 32 418 40 472 23 400 16	0
2 124 354 282 513 186 516 193 519 195 4 18 22 220 39 215 37 6634 451 3	1
21 20 43 53 2345 223 1889 157 2344 233 4 5 66 8095 48 11978 74 5896 26 6	0
2 19 424 489 1998 154 315 118 8384 45 180 5 196 1102 133 1632 228 1292 205 6	0
42 1 9 14 488 340 496 360 490 288 29 221 161 32 59 40 64 23 38 85	0
42 1 61 263 261 229 213 187 262 227 10 5 11 17139 245 22354 364 15464 162 6	0
147 1 365 91 458 168 315 118 463 198 67 286 358 1126 422 581 429 3307 15 3	1
21 1 9 13 5372 380 5172 392 5523 375 4 5 11 2201 30 2900 52 1740 15 6	0
2 41 7 225 5726 190 5925 199 5950 197 8 18 22 249 39 248 37 11898 129 3	1
147 124 46 13 25 409 31 390 24 404 10 524 251 393 265 401 279 419 307 27	0
12 17 9 13 25 301 31 348 24 274 10 5 36 2906 212 3630 269 1995 129 6	0
12 1 7 14 878 54 904 62 800 49 8 286 202 22345 70 1503 254 25313 121 3	0
2 19 185 125 11625 84 17220 164 10233 77 44 584 510 32 70 12624 257 991 15 116	0
2 41 342 155 287 186 295 193 298 195 4 18 266 253 252 103 102 5845 276 3	0
1558 2259 7 110 109 104 107 101 93 88 8 55 87 919 48 836 189 1333 38 3	0
42 1 7 14 3863 56 6873 81 3690 45 8 18 22 332 39 330 37 13985 15 3	1
2 1 7 14 2566 242 2512 230 2516 240 8 90 92 369 95 367 94 368 97 3	0
12 17 7 13 6485 54 6652 62 6516 49 8 47 117 108 98 100 96 114 106 3	0
12 20 7 125 3768 84 5762 164 3735 77 8 35 66 5212 48 7613 74 3985 26 247	0
12 1 7 14 2334 54 3198 62 2104 49 8 467 202 5870 70 103 102 7002 121 3	0
2 135 7 91 9976 158 11606 200 9969 181 8 90 92 150 95 149 94 148 97 16	1
2 250 46 201 25 417 31 230 24 413 4 5 570 17967 70 23778 127 20802 121 6	0
397 19 7 105 25 54 31 62 24 49 8 79 86 15449 133 6001 143 704 162 16	1
137 120 175 191 4543 306 4359 271 4503 304 4 55 87 4104 222 4015 305 3567 264 3	0
218 120 520 191 8693 306 8530 271 8638 304 4 18 266 253 252 103 102 6900 276 3	0
21 1 9 14 1522 54 1725 62 1381 49 4 355 66 8068 48 10775 74 5864 26 16	0
21 1 122 131 450 433 453 439 24 274 44 467 86 12276 89 103 102 23 205 16	0
21 1 65 63 136 73 50 28 138 75 29 79 142 3148 160 3693 143 5927 132 85	0
459 1 43 502 25 154 31 203 24 188 4 5 11 512 350 556 381 497 326 6	0
42 1 7 14 488 340 496 360 490 288 8 79 142 2196 160 2580 143 655 132 3	0
42 1 9 14 702 340 719 360 709 288 29 314 267 6915 508 5907 501 2640 331 3	0
2 41 122 131 394 82 389 80 7934 77 44 379 202 695 133 616 226 1663 121 16	1
21 1 7 14 2094 56 2653 81 1939 45 8 35 33 785 146 5594 257 1790 38 16	0
548 500 43 53 3068 174 2546 163 3038 167 4 5 626 4824 222 6947 309 3060 126 6	0
2 19 185 201 6300 313 50 28 1196 45 44 79 358 1126 422 581 429 1468 241 16	1
2 1 9 14 8328 78 7328 68 8290 76 10 5 11 28278 256 28202 166 27303 217 6	0
60 1 9 13 3968 84 5397 164 3701 77 10 34 36 3087 59 3584 64 2355 38 27	0
12 1 175 191 14994 306 10219 271 15021 304 10 5 11 945 30 1125 52 681 15 6	0
12 1 9 14 25 329 31 333 24 339 4 314 267 32 603 40 622 23 555 3	0
21 20 43 53 647 174 625 163 653 167 4 5 66 32 130 40 219 23 111 6	0
2 563 175 495 869 297 794 300 923 324 4 47 359 434 418 435 420 428 400 3	0
12 1 9 14 25 54 31 62 24 49 4 47 117 108 98 100 96 114 106 58	0
2 1 9 14 963 340 985 360 958 288 29 34 36 10804 146 13745 216 10242 145 85	0
83 17 9 13 3468 352 3740 351 3587 345 29 18 22 236 224 237 231 3600 26 3	1
2 19 61 515 641 621 642 623 633 609 44 584 86 3937 578 248 37 2534 377 16	0
60 19 46 57 6881 56 4794 81 6103 45 29 5 196 3525 133 4574 228 6378 205 6	0
137 71 46 201 25 54 50 28 24 49 4 18 22 236 224 237 231 23 402 3	0
2 17 9 13 21179 272 21224 285 21200 275 4 5 36 10650 469 10439 454 10843 457 6	0
137 124 7 53 3601 190 4202 199 3798 197 8 235 86 5454 468 103 102 6179 491 3	1
12 1 9 13 620 301 717 348 585 274 10 5 11 579 30 657 52 462 15 6	0
83 20 43 53 961 223 859 157 953 233 10 18 22 236 224 237 231 1078 38 3	0
2 71 7 155 22346 384 25955 408 25085 386 8 379 510 6526 243 248 37 6072 402 3	1
2 71 61 110 109 104 107 101 93 88 10 55 33 3154 130 72 51 2248 111 3	0
12 1 43 53 25 54 31 62 24 49 4 5 11 943 59 979 64 643 38 6	0
2 19 46 178 5473 84 31 285 5411 77 10 405 487 971 460 840 430 977 464 27	0
459 41 194 57 981 54 559 28 928 49 29 18 22 220 39 215 37 7311 411 16	0
629 17 9 13 3396 190 3153 199 3457 197 10 34 36 757 59 860 64 658 38 27	0
21 1 65 63 370 73 238 28 371 75 29 34 11 1376 30 1871 52 1156 15 27	0
2 20 43 53 3279 78 2974 68 3268 76 4 47 327 385 334 376 323 357 312 3	0
2 1 280 14 25 56 31 81 24 45 159 47 117 108 98 100 96 114 106 58	0
12 1 43 53 1986 174 1875 163 2000 167 4 18 22 532 483 1060 445 1087 38 16	1
2 20 9 14 998 56 1114 81 975 45 4 5 66 32 48 40 74 23 26 6	0
12 1 9 14 837 171 912 214 879 173 4 5 11 1655 245 2483 364 1328 162 6	0
2 19 7 105 9663 113 10469 128 10316 134 8 235 268 14982 353 17171 347 19844 111 3	1
147 120 46 421 551 409 541 390 550 404 4 5 396 7957 422 13436 553 12230 617 6	1
21 1 43 273 824 174 838 163 823 167 4 18 22 220 39 215 37 3160 38 3	0
147 1 9 13 6295 119 6661 123 6511 112 4 79 142 7671 160 40 143 8397 132 3	0
2 41 61 110 109 104 107 101 93 88 67 635 33 4774 30 651 573 3627 15 258	0
12 17 9 13 4655 78 4440 68 4596 76 4 286 33 32 133 362 254 1130 26 3	1
156 19 99 184 153 152 140 139 183 182 4 35 33 12634 133 12881 228 748 15 16	0
42 17 192 170 25 119 31 123 24 112 4 391 202 1353 70 1816 127 2324 26 16	0
42 19 99 184 153 152 140 139 183 182 4 5 196 4597 89 9129 189 13615 241 6	0
12 17 7 13 8163 54 9094 62 8240 49 8 47 117 108 98 100 96 114 106 3	0
2 120 7 282 2485 113 2828 128 2905 134 8 47 117 108 98 100 96 114 106 116	0
2 41 342 155 287 186 295 193 298 195 10 18 266 253 252 103 102 2843 15 3	0
83 19 7 105 5639 113 6282 128 6527 134 8 55 87 3497 48 910 64 2696 26 3	1
21 20 9 14 1191 78 1157 68 1173 76 4 5 66 1307 48 1931 74 926 26 6	0
2 250 7 502 25 154 31 203 24 188 8 79 3391 32 493 40 485 23 451 116	1
21 1 65 63 370 73 238 28 371 75 29 221 161 7789 243 6751 257 8170 264 85	0
2 1 65 63 370 73 238 28 371 75 180 34 36 3561 256 3014 166 1963 217 85	0
12 1 65 63 136 73 50 28 138 75 29 5 11 29018 407 27045 325 27508 377 6	0
21 20 9 14 1415 54 1395 62 1294 49 4 5 66 17094 48 22832 74 11218 26 6	0
60 1 9 14 13196 56 19811 81 11658 45 4 5 11 1000 59 1138 64 755 38 6	0
2 19 46 421 551 409 541 390 550 404 10 55 33 1969 30 72 51 1634 15 3	1
21 1 9 14 6020 54 6608 62 5435 49 4 5 11 1894 59 1888 64 1250 38 6	0
60 17 9 14 1546 54 1610 62 1498 49 29 35 142 2610 59 5775 387 1907 38 58	0
2 20 9 13 9779 113 10879 128 11232 134 10 5 66 32 222 40 309 23 126 6	1
2 1 46 201 25 272 50 28 24 275 67 18 22 1172 39 1160 37 23 205 3	0
156 19 46 57 921 54 50 28 843 49 10 47 281 277 144 278 176 115 69 16	0
2 41 61 110 109 104 107 101 93 88 67 405 487 1142 460 1095 430 1145 464 85	0
12 20 43 53 1946 78 1928 68 1936 76 4 391 560 1930 146 2616 216 2037 145 3	0
2 1 43 53 6752 78 6286 68 6844 76 67 34 11 1537 416 1749 461 1105 321 27	1
2 1 689 13 789 158 937 200 895 181 346 467 86 4877 89 103 102 23 132 116	0
2 41 342 155 287 186 295 193 298 195 4 235 86 3785 146 103 102 23 555 3	0
12 1 7 14 25 242 31 230 24 240 8 47 117 108 98 100 96 114 106 3	0
12 20 9 696 4723 84 7345 164 4322 77 10 34 11 22607 212 22809 269 17935 129 27	0
60 20 9 13 1024 380 995 392 1023 375 4 5 66 6400 48 9595 74 4102 26 6	0
21 20 65 63 576 223 517 157 582 233 4 5 66 32 48 40 74 23 26 6	1
12 1 43 53 1698 174 1640 163 1730 167 4 5 11 1925 30 2796 52 1201 15 6	0
2 124 354 155 287 186 295 193 298 195 4 5 161 7758 70 10969 127 9680 121 6	0
147 19 122 131 1820 82 1814 80 2831 77 67 55 87 5813 130 72 51 7542 172 3	0
42 1 9 14 3099 313 3936 437 3139 284 10 79 33 2973 133 2407 429 682 38 247	0
2 71 7 155 1771 168 1880 118 1926 198 8 18 266 253 252 103 102 6030 331 16	0
663 17 7 13 25 337 31 336 24 349 8 47 359 434 418 435 420 428 400 3	0
2 1 7 14 2262 169 3576 244 2268 179 8 47 359 434 418 435 420 428 400 3	0
21 1 7 14 1152 158 1221 200 1225 181 8 18 22 332 39 330 37 826 38 3	1
42 19 424 650 885 186 315 118 2170 188 67 55 36 8505 256 6956 166 7269 217 3	0
12 1 9 13 7007 78 7261 68 6954 76 4 5 11 5377 146 6869 216 4557 145 6	0
2 17 9 13 12290 78 11651 68 12341 76 29 18 22 399 39 395 37 1011 326 3	1
21 1 65 63 735 73 559 28 736 75 4 5 11 1000 59 1138 64 755 38 6	0
2 17 7 13 1484 54 1589 62 1459 49 8 18 22 249 39 248 37 12814 217 58	1
2 41 122 131 338 82 328 80 5668 246 180 35 202 32 70 40 127 1105 321 16	0
239 1 177 201 23430 506 213 187 427 255 29 34 36 32 363 40 382 23 318 27	1
21 1 9 14 21174 313 26802 437 19208 284 29 34 11 7029 59 7329 64 4629 38 27	1
42 1 9 13 21841 417 22687 414 22681 413 4 5 11 10188 212 14379 269 8375 129 6	0
2 41 7 225 25 154 31 203 24 188 8 320 697 25725 398 4134 319 21610 373 3	1
2 1 7 14 7994 56 10392 81 8069 45 8 79 33 2398 30 40 216 1680 15 3	1
60 17 9 14 1557 272 1497 285 1517 275 180 34 36 6157 350 6425 381 5910 326 258	0
2 71 177 650 287 186 473 118 4365 181 67 372 33 7403 59 730 64 5746 38 85	0
42 17 7 13 6942 234 10769 299 7272 208 8 47 117 108 98 100 96 114 106 3	0
2 1 1259 178 25 283 5141 383 14933 386 44 90 92 150 95 149 94 148 97 16	0
12 1 192 178 25 283 50 28 24 246 10 221 161 8175 423 7547 387 8132 402 27	0
12 17 9 13 14624 78 14885 68 15020 76 4 5 36 1203 59 1511 64 806 38 6	0
310 17 9 13 25 242 31 230 24 240 4 5 36 8358 212 12482 269 5949 129 6	0
42 17 9 13 25 234 31 299 24 208 344 34 36 32 256 40 166 23 217 27	1
2 19 7 105 575 113 604 128 611 134 8 235 86 1102 133 103 102 23 318 16	1
2 120 61 110 109 104 107 101 93 88 346 47 117 108 98 100 96 114 106 247	0
12 1 7 14 25 352 31 351 24 345 8 35 87 1483 48 2612 305 1207 26 116	1
137 124 706 91 531 425 486 383 528 412 29 372 33 1109 30 72 51 905 15 85	1
42 17 192 170 4375 119 4201 123 4046 112 4 314 267 5404 508 4917 501 2665 331 3	1
2 19 46 57 638 56 50 28 594 45 10 47 117 108 98 100 96 114 106 116	0
218 19 7 105 4644 158 5509 200 4485 181 8 55 87 1644 48 657 52 1453 26 3	1
60 1 9 13 14756 171 16350 214 14345 173 4 5 11 2501 59 2996 64 1775 38 6	0
156 19 185 57 9227 54 11108 62 674 77 44 18 22 249 39 248 37 3420 26 16	1
141 135 7 91 2542 82 2484 80 5702 232 8 151 87 32 48 40 74 976 15 3	1
2 41 99 308 1520 291 1496 296 1524 289 10 5 206 11585 70 14851 127 12774 121 6	1
2 41 342 282 513 186 516 193 519 195 4 47 117 108 98 100 96 114 106 116	0
60 17 9 13 1396 54 1722 62 1330 49 4 5 36 965 30 1140 52 783 15 6	0
83 41 99 282 1001 484 1263 540 1278 544 4 18 22 332 39 330 37 1343 26 16	1
2 41 342 282 513 186 516 193 519 195 10 593 303 606 511 569 492 598 514 27	0
2 20 43 273 9348 171 9863 214 9997 173 4 47 359 434 418 435 420 428 400 3	1
21 1 7 14 2454 313 5352 437 2040 284 8 35 33 1883 245 72 51 1657 217 16	0
83 41 194 57 1433 56 50 28 1197 45 29 235 86 2525 89 103 102 1164 15 3	0
12 1 9 13 25 329 31 333 24 339 67 5 11 1165 30 1615 52 834 15 6	0
12 1 43 504 7117 78 855 157 7115 76 4 18 22 236 224 237 231 851 38 3	1
2 20 7 125 9201 272 9844 285 8762 275 8 47 327 385 334 376 323 357 312 16	0
663 17 9 13 12089 84 15890 164 9609 77 10 379 406 4422 70 494 445 5928 402 482	0
2 120 46 178 1134 84 2069 200 4006 77 4 5 396 521 341 527 356 547 361 6	0
42 20 43 53 10339 242 9659 230 10227 240 4 5 66 32 222 40 309 23 126 6	0
2 17 9 13 11777 329 12342 333 12461 339 4 90 92 150 95 149 94 148 97 3	0
2 41 342 502 1032 186 1046 193 1053 195 4 18 22 1365 39 1375 37 13414 121 3	1
2 165 46 178 4274 283 5679 388 858 112 29 35 322 5383 245 270 51 28447 264 58	0
21 1 9 125 662 54 714 62 648 49 4 5 11 4791 212 6618 269 2405 129 6	0
21 1 43 53 6682 174 6649 163 6739 167 10 34 11 579 30 657 52 462 15 27	0
83 1 9 14 702 340 719 360 709 288 29 34 11 9628 363 9987 382 8792 318 85	0
21 1 65 63 735 73 559 28 736 75 10 5 11 799 59 910 64 682 38 6	1
426 19 175 495 869 297 794 300 923 324 10 55 33 3146 245 605 51 3577 145 3	1
218 124 354 155 287 186 295 193 298 195 10 18 22 1673 224 1737 231 684 132 3	1
397 19 280 456 1002 113 1107 128 1364 134 159 55 87 4453 48 7343 166 3189 26 366	1
857 466 1527 170 5050 119 5109 123 4736 112 4 5 267 8336 160 10071 143 6358 132 6	0
2 1 61 916 967 929 935 876 741 727 44 221 161 32 603 40 622 23 555 16	0
2 71 177 596 1152 158 315 118 20637 45 29 372 33 945 30 72 51 681 15 27	0
2 1 9 125 662 54 714 62 648 49 4 79 142 1838 423 720 505 863 15 247	0
42 1 177 596 28741 158 473 118 6562 275 10 79 66 7874 30 9641 52 6227 15 116	1
21 17 7 13 8897 272 8894 285 7982 275 8 47 117 108 98 100 96 114 106 58	0
12 20 280 125 4581 84 6534 164 4172 77 159 47 117 108 98 100 96 114 106 58	0
141 135 7 91 394 82 389 80 595 232 8 151 87 1658 48 20839 64 686 38 3	0
310 17 7 13 7693 417 6910 414 8616 413 8 18 22 236 224 237 231 23 451 3	1
137 19 7 105 1001 484 1263 540 1278 544 8 235 86 32 89 103 102 821 15 3	1
2 71 61 110 109 104 107 101 93 88 10 18 22 220 39 215 37 698 111 16	0
21 1 7 14 13783 54 14308 62 13100 49 8 35 33 602 48 72 51 564 26 366	1
2 124 122 131 3502 168 2544 118 1933 112 44 47 327 385 334 376 323 357 312 16	0
42 1 177 865 1346 119 1405 123 1372 112 4 5 11 530 144 571 176 509 69 6	0
83 135 7 91 2743 82 2751 80 3729 232 8 745 268 683 353 723 347 23 318 3	1
12 1 65 63 136 73 50 28 138 75 29 5 11 11493 59 10742 64 7122 38 6	0
12 20 9 201 1462 54 1613 62 3579 447 4 5 66 4711 48 6491 74 3692 26 6	0
60 1 65 63 136 73 50 28 138 75 4 5 11 32 363 40 382 23 318 6	0
60 1 9 14 19594 169 23779 244 19850 179 4 5 11 8579 146 9343 216 7294 145 6	0
2 17 9 13 1438 113 1656 128 1675 134 4 90 92 369 95 367 94 368 97 116	1
2 124 122 131 338 82 328 80 16241 208 67 47 117 108 98 100 96 114 106 16	0
12 17 9 13 25 329 31 333 24 339 67 34 11 743 341 779 356 781 361 27	0
239 17 9 13 2320 54 2569 62 2270 49 10 314 267 32 160 40 143 23 132 27	0
2 19 99 308 778 291 776 296 777 289 4 55 87 4264 48 72 51 3151 26 3	1
2 1 122 630 153 152 140 139 2367 75 159 79 202 1313 70 614 226 1453 26 58	0
21 1 192 170 4420 119 4374 123 4083 112 4 5 11 10968 144 14433 176 9117 69 6	0
21 20 65 63 2087 223 1279 157 2456 233 10 5 66 1385 48 2149 74 1246 26 6	0
147 41 365 91 1641 425 1432 383 1568 412 67 335 202 32 70 1285 305 770 557 16	0
2 41 122 131 338 82 328 80 1516 77 67 18 22 220 39 215 37 12582 377 3	0
2 41 194 57 2177 56 378 317 2105 45 29 18 22 399 39 395 37 739 15 3	0
12 20 43 53 4378 174 4161 163 4354 167 4 5 66 6122 290 8990 343 4913 276 6	0
2 19 7 105 21567 484 23019 540 22419 544 8 55 142 32 363 40 305 23 318 3	1
2 17 9 13 9127 54 10760 62 8925 49 344 34 36 11765 59 11009 64 10012 38 627	0
12 17 9 14 488 340 496 360 490 288 4 35 142 32 493 72 51 23 451 16	0
42 17 61 263 261 229 213 187 262 227 10 314 267 4426 160 3829 143 2670 132 3	0
42 1 46 57 2262 169 529 351 2268 179 856 79 1682 3594 350 2423 381 4990 326 939	0
12 20 43 53 19018 78 17101 68 18839 76 10 34 36 1937 256 1585 166 1657 217 27	1
2 19 7 105 3323 158 3607 200 3535 181 8 55 87 1629 59 4510 52 1208 38 3	1
2 17 9 13 624 431 601 415 634 432 67 34 36 1842 30 2462 52 1239 15 27	1
12 1 65 63 370 73 238 28 371 75 4 286 406 32 70 362 254 12856 457 3	1
2 20 9 13 26900 352 26544 351 27081 345 10 5 66 32 222 40 309 23 126 6	0
12 20 43 53 7625 190 8165 199 7396 197 4 5 66 3476 48 5158 74 1683 26 6	0
83 19 122 131 338 82 328 80 710 403 67 372 672 1175 687 581 429 1008 557 85	0
12 1 9 13 25 272 31 285 24 275 4 5 11 1109 30 1293 52 905 15 6	0
12 20 65 63 136 73 50 28 138 75 10 47 5691 852 160 728 143 655 132 16	0
42 1 7 14 1571 56 1919 81 1538 45 8 355 142 23921 245 316 260 115 69 3	0
218 120 7 282 1739 484 2113 540 2050 544 8 379 358 1126 422 614 226 23 331 16	1
60 20 122 131 2023 82 2028 80 3947 173 44 18 22 4820 290 4919 343 1089 15 16	1
2 19 99 308 477 291 474 296 475 289 10 5 196 3712 133 6623 228 7318 205 6	0
12 20 7 125 5546 169 8432 244 5718 179 8 18 22 236 224 237 231 655 132 3	0
2 124 122 131 591 82 583 80 1402 77 44 79 86 3175 89 316 260 18589 38 58	0
60 1 43 53 488 340 496 360 490 288 29 34 66 4764 160 2870 143 6750 132 85	0
539 17 9 13 866 54 1006 62 828 49 10 79 142 25076 442 316 260 115 69 3	0
2 20 9 13 8575 54 9031 62 8311 49 67 34 36 2775 30 3425 52 1949 15 258	0
21 1 43 53 4234 78 3812 68 4219 76 29 34 11 887 442 1231 465 831 411 27	0
83 41 7 225 24761 154 27094 203 26466 188 8 18 22 220 39 215 37 2150 126 3	1
2 20 7 125 4680 84 6685 164 4257 77 8 90 92 150 95 149 94 148 97 3	0
137 41 706 91 1466 297 1342 300 1535 324 180 320 303 3807 398 3471 319 3705 373 85	1
60 17 9 13 2014 78 1861 68 1859 76 4 5 36 4687 259 6236 311 3224 172 6	0
60 1 9 14 25 272 31 285 24 275 856 34 11 32 95 40 94 23 97 27	0
2 563 7 184 153 152 140 139 183 182 8 151 142 32 89 40 189 1763 26 3	0
857 466 7 170 807 223 797 157 942 233 8 35 1584 2556 552 1133 305 2126 580 16	0
147 41 194 57 1286 380 559 28 1276 375 29 405 487 1142 460 1095 430 1145 464 85	0
147 71 365 91 458 168 315 118 463 198 10 372 33 2610 59 270 51 1907 38 27	1
156 19 46 57 1286 380 50 28 1276 375 29 379 322 902 265 614 226 770 557 16	0
2 20 43 53 18800 78 19002 68 18722 76 10 47 327 385 334 376 323 357 312 3	0
2 19 7 105 1438 113 1656 128 1675 134 8 35 86 610 89 750 189 7670 26 58	0
141 135 7 91 9254 82 7706 80 13827 232 8 151 87 1773 48 21061 166 1382 26 3	1
12 1 7 14 3208 56 4186 81 2652 45 8 18 22 220 39 215 37 4393 15 3	0
141 135 7 91 660 82 659 80 1027 232 8 151 87 15714 48 746 305 115 69 3	1
21 20 7 125 25 84 31 164 24 77 8 90 92 150 95 149 94 148 97 3	0
42 563 7 184 153 152 140 139 183 182 8 151 87 32 48 72 51 23 26 3	0
12 1 9 13 6022 301 6326 348 5857 274 4 5 11 8998 30 12090 52 5757 15 6	0
2 250 46 13 5010 54 6880 62 4502 49 4 5 570 4463 70 6055 127 4864 121 6	0
83 17 7 13 930 169 1077 244 947 179 8 47 117 108 98 100 96 114 106 3	0
12 17 9 13 25 417 31 414 24 413 180 34 11 2349 561 3007 260 2793 587 455	0
12 20 9 13 14850 190 14400 199 15081 197 4 35 66 5070 48 6665 74 3588 26 16	1
2 17 9 13 6418 171 7472 214 6171 173 4 5 36 2821 30 3827 52 1810 15 6	0
2 17 43 53 4019 190 3988 199 4094 197 4 286 322 10091 302 362 254 1810 15 3	1
21 1 9 14 2136 54 2448 62 2044 49 4 18 22 2832 422 3568 553 2679 2008 3	1
2 41 342 502 2681 186 2789 193 2813 195 4 18 22 220 39 215 37 9603 217 3	1
21 20 9 14 1256 113 1387 128 1412 134 10 221 560 10247 59 10575 64 9082 38 27	1
426 165 7 273 28486 297 28650 300 29315 324 8 335 268 14743 243 72 51 10294 126 3	1
60 1 854 558 4038 297 4203 300 1093 173 67 35 33 1687 130 401 279 3084 217 58	0
2 120 46 178 3173 84 5106 68 427 255 4 235 86 4464 243 103 102 643 38 3	0
141 135 7 91 538 82 536 80 738 232 8 35 22 332 39 330 37 23 318 58	0
2 19 46 421 551 409 541 390 550 404 29 320 303 1258 398 1144 319 1268 373 27	0
2 20 9 13 1191 78 1157 68 1173 76 4 286 322 2589 302 1140 52 682 38 58	0
2 120 7 282 575 113 604 128 611 134 8 47 117 108 98 100 96 114 106 58	1
141 135 725 14 1587 506 2972 518 710 403 44 47 117 108 98 100 96 114 106 16	0
2 165 7 273 16103 171 16149 214 16164 173 8 47 117 108 98 100 96 114 106 16	0
2 19 99 184 153 152 140 139 183 182 4 5 196 32 89 40 189 23 241 6	1
42 20 61 992 890 374 983 410 427 255 644 79 33 18767 212 13655 311 2658 331 366	0
21 20 207 204 294 210 293 209 292 211 44 35 87 11878 48 15767 74 3042 26 16	1
137 1 7 14 25 283 31 388 24 246 8 79 33 23749 133 614 226 1712 145 3	0
60 1 207 204 479 210 478 209 476 211 159 35 33 521 341 4489 387 547 361 58	0
2 17 177 57 3294 56 2958 415 1212 45 503 221 161 848 89 836 189 1255 241 455	0
21 20 61 110 109 104 107 101 93 88 44 47 117 108 98 100 96 114 106 58	0
42 71 46 57 3294 56 50 28 2904 45 4 5 251 32 302 40 226 23 470 6	0
2 17 7 13 1574 54 2091 62 1532 49 8 79 33 1736 59 2098 64 1994 205 16	0
147 41 365 91 458 168 315 118 463 198 67 372 11 32 603 40 622 23 555 258	1
2 19 46 201 1346 119 835 62 1372 112 10 405 487 6741 460 5403 430 6786 464 27	0
629 1 43 53 25 54 31 62 24 49 10 5 11 1235 30 1554 52 850 15 6	0
12 1 65 63 136 73 50 28 138 75 10 5 11 868 30 1049 52 656 15 6	0
156 19 7 105 14255 113 14897 128 15004 134 8 55 87 32 222 676 51 23 126 3	1
21 17 9 13 1699 223 1356 157 1688 233 180 5 36 32 146 40 216 23 145 6	0
12 1 65 63 136 73 50 28 138 75 29 34 36 2041 30 2941 52 1872 15 27	0
60 1 448 586 3505 73 1755 28 3517 75 67 221 161 3049 407 3001 325 2534 377 85	0
2 124 46 57 13810 54 378 317 11615 49 29 524 251 393 265 401 279 419 307 85	0
60 1 7 14 4855 169 8454 244 7491 179 8 18 22 236 224 237 231 8252 205 3	1
60 17 9 13 3978 54 4671 62 3639 49 4 5 36 2945 133 3823 228 3992 205 6	0
310 466 7 170 807 223 797 157 942 233 8 18 22 220 39 215 37 23 377 16	0
42 17 61 263 261 229 213 187 262 227 4 47 281 277 144 278 176 115 69 3	0
459 41 61 515 641 621 642 623 633 609 67 446 196 1015 511 1088 492 1120 514 27	0
2 250 175 191 7391 431 7049 415 7309 432 29 372 142 32 222 24824 485 7678 129 27	0
2 71 46 57 25 54 50 28 24 49 4 18 22 236 224 237 231 9869 111 3	0
137 41 175 191 1685 306 1646 271 1650 304 4 5 206 1339 70 2006 127 1783 121 6	0
2 19 99 184 153 152 140 139 183 182 4 5 196 3040 89 4345 189 5844 241 6	0
12 17 9 14 2152 119 2390 123 2183 112 10 314 267 7927 160 5089 143 5753 132 27	0
2 120 122 131 394 82 389 80 1330 49 10 47 359 434 418 435 420 428 400 16	0
12 17 7 13 2684 301 3064 348 2593 274 8 35 87 2586 48 5146 166 4059 121 16	1
21 20 65 63 136 73 50 28 138 75 29 221 161 1283 423 1479 387 1067 402 85	0
2 17 9 13 14932 374 16260 410 14681 255 4 79 87 974 48 40 143 713 26 3	0
21 1 448 201 3384 506 3132 518 607 288 10 5 11 9422 212 12920 269 4719 129 6	1
21 1 9 14 2354 54 2385 62 2249 49 4 5 11 1678 30 2224 52 1469 15 6	0
21 1 7 14 679 56 812 81 649 45 8 90 92 369 95 367 94 368 97 3	0
2 17 122 131 338 82 328 80 8191 49 29 5 36 32 70 40 127 23 121 6	0
2 19 61 110 109 104 107 101 93 88 29 55 11 5890 245 8939 364 4230 162 3	0
12 1 43 53 647 174 625 163 653 167 180 5 11 32 160 40 143 23 132 6	0
2 20 7 125 9518 171 12329 214 9839 173 8 18 22 332 39 330 37 1457 172 3	1
12 20 9 13 1080 78 1004 68 1094 76 29 34 36 25182 259 23736 311 25264 172 85	0
2 19 7 105 1002 113 1107 128 1119 134 8 55 66 1639 48 2381 74 1130 26 3	1
2 1 9 696 1885 84 2883 164 1689 77 180 34 11 530 144 571 176 509 69 258	0
2 1 43 53 25 174 31 163 24 167 29 34 11 2350 30 3184 52 1604 15 27	1
141 135 7 91 1759 82 1533 80 2168 232 8 151 87 13995 222 6387 216 11611 126 3	1
60 1 7 14 2313 234 3813 299 2127 208 8 47 117 108 98 100 96 114 106 3	0
2 41 673 489 25 154 31 414 1163 432 67 635 672 17357 687 6725 429 18135 557 85	1
239 17 7 13 2013 119 3021 123 3306 112 8 79 8909 369 95 316 260 115 69 16	0
12 1 9 201 703 78 690 68 701 76 29 314 267 4799 259 4313 311 2595 172 85	0
21 1 43 53 1698 174 1640 163 1730 167 4 79 33 7967 212 72 51 713 26 3	0
2 17 43 53 25 78 31 68 24 76 180 5 36 16275 30 20414 52 14687 15 6	0
2 250 673 1030 8137 190 213 187 24266 413 10 35 510 11404 70 16956 127 1382 26 116	0
2 1 192 170 807 223 797 157 942 233 67 34 36 7494 256 5707 166 7815 217 85	1
21 17 9 13 662 54 714 62 648 49 4 90 92 150 95 149 94 148 97 3	0
137 41 706 91 1466 297 1342 300 1535 324 29 5 206 1339 70 2006 127 1783 121 6	1
663 1 61 263 261 229 213 187 262 227 344 47 281 277 144 278 176 115 69 85	0
60 1 61 110 109 104 107 101 93 88 44 18 22 2832 422 3568 553 23 126 16	0
83 1 7 14 18540 301 23997 348 16759 274 8 335 86 610 89 362 254 23 457 16	0
2 1 9 13 618 113 619 128 636 134 29 467 86 966 133 103 102 991 15 3	0
141 135 7 91 543 82 542 80 669 232 8 151 87 801 48 72 51 694 26 3	1
42 17 7 13 25 242 31 230 24 240 8 314 267 6915 508 5907 501 2640 331 3	0
12 1 43 53 9924 174 8891 163 9926 167 10 5 11 2107 59 2455 64 1717 38 6	0
2 17 207 204 294 210 293 209 292 211 889 35 510 32 70 9444 445 23 121 924	1
310 17 61 263 261 229 213 187 262 227 4 314 267 11892 259 10880 311 7868 172 3	0
2 20 65 63 576 223 517 157 582 233 4 5 66 32 48 40 74 23 26 6	0
12 1 65 63 136 73 50 28 138 75 10 5 11 2111 416 2839 461 1261 321 6	0
2 19 185 57 5309 54 238 28 11278 45 44 47 359 434 418 435 420 428 400 16	0
239 1 7 14 10540 283 13209 388 9738 246 8 18 22 249 39 248 37 16564 129 3	1
137 165 7 273 732 297 766 300 896 324 8 235 86 2025 146 103 102 1683 26 16	0
2 41 122 131 338 82 328 80 2765 284 344 593 303 606 511 569 492 598 514 85	0
156 19 7 105 20166 113 20902 128 21552 134 8 335 33 12219 59 362 254 9776 38 3	1
21 1 7 14 25 54 31 62 24 49 8 47 117 108 98 100 96 114 106 3	0
147 41 365 91 1641 425 1432 383 1568 412 29 5 206 11634 70 15701 127 12419 121 6	1
156 124 46 421 2265 409 1934 390 2277 404 10 5 161 18347 70 25250 127 22101 121 6	0
2 1 46 178 19174 384 3314 68 17583 386 29 18 22 220 39 215 37 23 217 3	0
21 1 65 63 136 73 50 28 138 75 67 34 36 1679 442 1418 465 1616 411 27	0
12 1 7 14 3099 313 3936 437 3139 284 8 314 267 852 160 728 143 655 132 3	0
2 1 61 110 109 104 107 101 93 88 346 35 33 5239 259 6816 454 23 331 924	0
12 17 9 13 12205 56 12956 81 11448 45 4 5 36 965 30 1140 52 783 15 6	0
534 41 7 225 8137 190 8402 199 8898 197 8 18 22 236 224 237 231 803 111 3	0
2 1 9 14 624 431 601 415 634 432 4 314 267 927 160 772 143 684 132 3	1
12 1 65 63 136 73 50 28 138 75 10 5 11 20928 130 25724 219 19494 111 6	0
60 1 43 53 12568 242 10512 230 12366 240 4 5 11 23145 508 26078 501 9898 331 6	0
2 1 43 53 3385 384 3462 408 3715 386 4 47 327 385 334 376 323 357 312 482	0
2 17 9 14 4251 78 4109 68 4168 76 4 47 359 804 561 782 260 765 587 3	0
2 71 185 178 1885 84 5601 68 24 413 44 47 117 108 98 100 96 114 106 16	0
2 41 122 131 543 82 542 80 1501 45 44 47 117 108 98 100 96 114 106 16	0
156 124 46 178 6566 84 50 28 5930 77 29 524 196 1015 511 1088 492 1120 514 27	0
12 1 207 204 479 210 478 209 476 211 44 18 22 236 224 237 231 2819 15 58	1
42 41 342 155 287 186 295 193 298 195 4 5 206 17696 133 25241 228 23803 205 6	0
60 17 7 13 22059 272 21654 285 21168 275 8 35 36 32 59 40 64 23 38 16	0
239 250 46 178 11380 84 980 157 10598 77 4 235 268 683 353 723 347 11868 38 3	1
239 17 9 14 702 340 719 360 709 288 29 34 36 32 70 40 127 23 121 27	0
21 20 61 992 890 374 983 410 427 255 44 18 22 440 39 438 37 698 111 58	0
60 20 65 63 1269 223 792 157 1248 233 29 34 36 5576 256 3145 166 4321 217 27	0
42 135 7 91 707 600 654 565 913 688 8 151 87 10111 222 16592 257 7532 126 3	1
862 124 354 282 513 186 516 193 519 195 4 5 161 7495 243 5743 257 7744 264 6	0
2 17 43 53 25 554 31 566 24 549 4 355 142 1284 398 771 319 1680 15 16	0
21 20 9 13 25 272 31 285 24 275 10 34 11 2501 59 2996 64 1775 38 27	0
2 17 61 110 109 104 107 101 93 88 67 34 11 530 144 571 176 509 69 27	0
42 1 7 14 2834 56 5312 81 2046 45 8 47 281 277 144 278 176 115 69 3	0
42 41 7 225 24439 154 26278 203 26380 188 8 18 22 480 39 481 37 2192 132 3	1
42 124 61 263 261 229 213 187 262 227 4 90 92 369 95 367 94 368 97 3	0
2 19 520 191 535 443 526 436 533 441 4 55 33 10774 30 362 254 8321 15 3	1
21 20 61 110 109 104 107 101 93 88 346 35 11 32 508 40 501 23 331 116	0
21 17 9 13 4861 78 4482 68 4872 76 4 5 36 545 259 613 311 452 172 6	0
2 120 177 456 2746 158 3121 200 3706 386 10 18 22 220 39 215 37 1297 26 16	0
2 41 342 282 513 186 516 193 519 195 4 55 33 773 130 605 51 2697 126 3	0
2 19 185 57 4385 56 50 28 4212 45 44 90 92 369 95 367 94 368 97 16	0
2 250 175 191 752 306 740 271 749 304 4 584 86 32 133 376 323 14142 126 16	0
156 19 99 184 153 152 140 139 183 182 4 55 87 32 222 746 305 23 126 3	1
83 1 43 53 618 113 619 128 636 134 67 79 33 521 341 2296 143 509 69 3	1
42 20 9 14 572 374 592 410 577 255 4 35 11 774 468 877 472 780 491 58	0
147 250 365 91 1378 168 1220 118 1606 198 10 372 87 32 222 72 51 6358 132 27	1
218 1 175 495 2921 425 2356 383 2922 412 10 5 11 2614 30 3872 52 1764 15 6	1
2 17 7 13 921 54 1079 62 843 49 8 79 142 6894 70 4628 166 8857 121 16	0
2 17 9 13 16554 234 22385 299 15394 208 2420 34 36 11886 133 17658 228 13657 205 85	0
21 1 7 14 25 78 31 68 24 76 8 90 92 150 95 149 94 148 97 3	0
2 20 7 125 14085 84 20502 164 13493 77 8 18 22 249 39 248 37 23 26 3	0
12 1 43 847 1271 223 855 157 1064 233 10 221 161 32 243 40 257 23 264 27	0
21 1 9 14 25 210 31 209 24 211 10 5 11 737 30 933 52 632 15 6	0
2 1 61 110 109 104 107 101 93 88 67 47 117 108 98 100 96 114 106 85	0
2 19 7 105 1174 113 1272 128 1310 134 8 79 86 3040 89 4345 189 5585 264 116	0
147 19 122 131 394 82 389 80 710 403 67 18 266 253 252 103 102 14357 162 16	0
137 466 46 57 6412 352 3879 351 21651 304 10 524 251 393 265 401 279 419 307 27	0
12 17 7 13 6337 337 6747 336 7355 349 8 314 267 19808 160 16825 143 15611 132 3	0
2 19 185 178 17605 384 31 68 17690 386 44 47 327 385 334 376 323 357 312 16	0
218 120 7 282 6006 113 6928 128 6858 134 8 55 33 1630 30 605 51 115 69 3	1
2 17 207 204 294 210 293 209 292 211 159 35 142 32 363 72 51 115 69 58	0
2 1 9 14 7005 56 9165 81 6591 45 10 34 11 1351 416 1417 461 1205 321 27	0
12 17 43 225 14242 190 14647 199 14945 197 4 35 87 7179 442 1474 465 5629 411 116	1
21 17 7 13 25 272 31 285 24 275 8 314 267 11892 259 10880 311 7868 172 3	0
2 1 46 14 9877 158 11339 200 9750 181 10 18 22 1172 39 1160 37 23 132 3	1
141 135 7 91 394 82 389 80 595 232 8 151 33 32 59 2233 305 1037 15 3	1
2 124 46 57 824 174 50 28 823 167 10 5 161 9214 70 14884 127 14347 121 6	0
663 17 61 263 261 229 213 187 262 227 4 5 36 32 603 40 622 23 555 6	0
21 1 9 13 1890 119 1960 123 1915 112 10 90 92 369 95 367 94 368 97 3	0
21 20 448 57 4632 234 559 28 607 288 29 5 66 2833 48 4412 74 2158 26 6	0
12 20 7 125 25 84 31 164 24 77 8 18 22 399 39 395 37 926 26 3	1
83 1 9 14 1621 431 1583 415 1667 432 10 34 11 774 468 877 472 780 491 27	1
21 1 9 14 3928 78 3792 68 3945 76 10 34 11 32 59 40 64 23 38 27	0
42 19 7 105 1152 158 1221 200 1225 181 8 55 33 2081 30 72 51 2162 26 3	1
42 41 175 191 6601 384 6603 408 5401 386 4 47 281 277 144 278 176 115 69 16	0
2 1 46 63 531 425 486 383 528 412 67 286 86 32 133 2216 429 23 205 3	1
2 17 9 13 1195 471 1118 523 1186 447 10 5 36 1798 48 3047 74 1265 26 6	0
21 20 192 170 4420 119 4374 123 4083 112 4 5 66 4289 144 6544 176 3055 69 6	0
12 1 9 14 6362 56 7296 81 6224 45 4 5 11 24146 146 26367 216 21416 145 6	0
60 17 9 13 5090 78 4815 68 5095 76 4 47 359 804 561 782 260 765 587 3	0
141 135 7 91 707 600 654 565 913 688 8 151 66 6163 48 8835 74 4929 26 3	1
156 165 7 273 732 297 766 300 896 324 8 55 33 901 245 270 51 2650 69 3	1
60 1 9 13 1692 190 1700 199 1713 197 29 5 11 1376 30 1871 52 1156 15 6	0
60 1 280 178 25 283 31 230 24 246 889 355 87 16892 222 21490 309 23 126 574	0
2 17 122 131 450 433 453 439 10892 208 44 355 142 25360 245 1159 387 15577 162 58	0
42 20 1259 489 22690 154 1236 383 4322 77 44 90 92 150 95 149 94 148 97 116	0
12 20 9 14 2094 56 2653 81 1939 45 4 5 66 11230 48 15965 74 8955 26 6	0
156 19 7 105 1739 484 2113 540 2050 544 8 235 202 12398 70 103 102 20086 121 3	1
12 1 65 63 136 73 50 28 138 75 29 34 11 15760 146 16778 216 14110 145 27	1
12 1 207 204 294 210 293 209 292 211 44 35 142 32 130 72 51 3176 38 16	0
42 17 9 13 6540 242 6027 230 6669 240 10 35 86 32 89 25930 485 733 26 247	0
239 1 192 170 807 223 797 157 942 233 10 221 161 7580 243 5664 257 7784 264 27	0
239 1 61 263 261 229 213 187 262 227 10 34 11 21464 130 25168 219 20364 111 27	0
42 71 7 155 287 186 295 193 298 195 8 18 22 1172 39 1160 37 23 331 3	0
83 19 7 105 22350 158 23416 200 23343 181 8 55 11 589 30 680 52 522 15 3	0
2 41 61 110 109 104 107 101 93 88 67 635 33 784 59 1159 387 686 38 258	0
2 71 46 57 25 54 940 68 24 49 4 5 251 3948 302 6484 226 8952 470 6	0
12 17 9 13 884 329 839 333 911 339 10 5 36 13454 469 14108 454 12880 457 6	0
310 17 61 263 261 229 213 187 262 227 67 5 36 11137 133 18342 228 12581 205 6	0
21 1 43 225 3814 190 4198 199 3957 197 67 5 11 4204 146 6184 216 3682 145 6	0
2 250 177 1030 25 158 871 118 24 208 29 372 87 32 222 72 51 23 126 27	0
2 19 7 105 1152 158 1221 200 1225 181 8 55 142 19885 290 3443 216 19106 276 3	1
426 1 46 178 25 84 31 285 24 77 67 5 11 743 341 779 356 781 361 6	1
12 17 9 13 5756 78 4547 68 5877 76 4 314 267 5404 508 4917 501 2665 331 3	0
21 17 7 13 15726 234 18758 299 12487 208 8 35 142 32 212 40 485 23 129 574	0
2 1 46 57 4879 56 50 28 4392 45 29 47 359 434 418 435 420 428 400 3	0
42 135 7 91 2372 168 1595 118 2557 198 8 79 22 1465 302 1083 226 23 451 58	0
21 1 7 14 25 169 31 244 24 179 8 18 22 236 224 237 231 12773 26 3	1
83 17 43 53 3396 190 3153 199 3457 197 10 5 36 14035 256 12355 166 13654 217 6	0
42 19 99 308 693 291 691 296 692 289 4 235 86 7390 146 103 102 1230 38 3	0
2 17 9 13 998 56 1114 81 975 45 4 5 36 11241 212 11409 269 9112 129 6	0
2 120 61 110 109 104 107 101 93 88 4 47 327 385 334 376 323 357 312 58	0
12 1 9 14 1546 54 1610 62 1498 49 4 5 11 829 416 1047 461 639 321 6	0
21 20 9 14 3434 171 4253 214 3397 173 10 34 11 10146 146 12026 216 10534 145 27	0
60 20 9 14 1045 158 1178 200 1127 181 4 5 66 3657 48 5252 74 2867 26 6	0
12 17 9 13 25 242 31 230 24 240 10 5 36 4846 30 6430 52 2583 15 6	0
42 17 61 263 261 229 213 187 262 227 4 5 36 32 363 40 382 23 318 6	0
2 17 7 13 3941 54 4513 62 3609 49 8 47 117 108 98 100 96 114 106 16	0
137 71 177 6263 6264 384 6564 408 5704 386 29 5 251 11952 146 17230 216 11744 145 6	0
2 19 7 105 3168 113 3534 128 3545 134 8 18 22 249 39 248 37 2677 15 58	1
12 1 9 14 525 352 529 351 537 345 10 391 202 695 133 569 492 497 326 3	0
310 1 61 263 261 229 213 187 262 227 4 47 281 277 144 278 176 115 69 3	0
218 41 7 225 23827 154 26642 203 25427 188 8 379 268 13589 353 1222 226 903 321 3	1
2 120 185 57 2362 54 50 28 3611 77 44 35 86 5310 133 7034 228 2404 162 58	0
2 19 185 57 1391 169 7147 81 1158 179 44 47 327 385 334 376 323 357 312 16	0
137 19 99 308 693 291 691 296 692 289 4 55 87 7672 48 1288 51 6123 26 3	0
21 1 9 125 25 84 31 164 24 77 4 18 22 332 39 330 37 23 38 3	0
2 120 122 131 394 82 389 80 498 444 10 5 396 825 89 1177 189 1468 241 6	0
83 500 9 13 4227 78 3654 68 4259 76 4 5 626 974 48 1352 74 713 26 6	0
137 124 46 57 5245 234 50 28 5156 208 29 524 206 9500 511 8846 492 9993 514 27	0
2 41 175 191 25 384 31 408 24 386 4 5 206 677 70 867 127 938 121 6	0
2 17 192 170 1363 119 1314 123 1237 112 4 90 92 150 95 149 94 148 97 3	0
12 1 9 13 16950 169 19559 244 17186 179 4 5 11 14276 30 17607 52 10480 15 6	0
42 19 61 2459 2085 352 2109 351 1103 345 180 405 251 393 265 401 279 419 307 258	0
42 1 192 170 25 554 31 566 24 549 29 34 11 3376 160 4068 143 3662 132 85	0
2 41 7 225 5726 190 5925 199 5950 197 8 235 86 3040 89 103 102 8943 129 3	1
12 17 9 14 1062 171 1176 214 1093 173 4 5 36 12276 89 18848 189 25504 241 6	0
12 17 65 63 136 73 50 28 138 75 4 5 36 32 256 40 166 23 217 6	0
42 41 194 57 4379 171 50 28 4452 173 10 405 251 902 265 1052 279 1215 307 27	0
2 124 354 155 287 186 295 193 298 195 4 335 86 8434 133 2407 429 5086 15 3	1
147 41 7 225 23330 154 25000 203 24047 188 8 320 303 18350 398 15552 319 18351 373 3	0
310 17 177 178 3750 84 13509 62 427 255 1320 79 33 6846 30 2857 64 6191 15 3069	0
42 17 177 201 1780 119 213 187 427 255 44 47 117 108 98 100 96 114 106 116	0
21 17 9 13 4640 380 5183 392 4495 375 10 47 117 108 98 100 96 114 106 247	0
21 1 9 14 2874 301 3634 348 2380 274 10 391 202 2682 70 3571 127 5598 326 3	1
12 1 65 63 370 73 238 28 371 75 10 5 11 886 30 1082 52 675 15 6	1
2 71 46 13 5646 113 6262 128 6348 134 4 235 86 4847 89 1745 309 1304 38 3	1
21 1 65 63 370 73 238 28 371 75 4 5 11 589 30 680 52 522 15 6	0
2 466 177 489 3924 190 50 28 5498 77 159 584 202 8507 70 1209 347 2841 145 116	0
12 1 9 14 1289 54 1324 62 1226 49 4 314 267 852 160 728 143 655 132 3	0
12 17 65 63 136 73 50 28 138 75 67 35 87 2095 416 22278 461 1507 321 16	0
83 19 7 105 4499 113 5317 128 5335 134 8 55 1022 1043 664 72 51 8208 172 3	1
60 17 9 13 6721 329 6659 333 6308 339 4 5 36 1123 416 1556 461 903 321 6	0
42 41 194 57 2362 54 1374 565 2184 49 10 446 251 393 265 401 279 419 307 27	0
83 20 7 125 19076 283 27396 388 18971 246 8 2293 86 2107 59 215 37 19355 162 3	0
12 20 7 125 2377 84 3755 164 1921 77 8 90 92 150 95 149 94 148 97 3	0
2 1 9 696 8301 56 10399 81 7705 45 29 47 359 804 561 782 260 765 587 85	0
83 1 43 847 10182 223 9399 157 10745 233 10 90 92 150 95 149 94 148 97 3	0
141 135 7 91 2542 82 2484 80 5702 232 8 151 87 7672 48 2002 228 6123 26 3	1
42 1 7 14 16657 56 19984 81 15468 45 8 355 142 32 146 720 505 23 145 16	0
310 17 7 13 1812 119 1956 123 1824 112 8 47 117 108 98 100 96 114 106 58	0
12 17 9 13 25 154 31 203 24 188 10 5 36 32 212 40 269 23 129 6	0
2 41 61 110 109 104 107 101 93 88 29 635 33 9895 59 270 51 6403 38 85	0
12 17 7 13 6337 337 6747 336 7355 349 8 35 33 579 30 11665 472 462 15 16	0
2 41 194 57 7005 56 50 28 24 208 29 5 206 4463 70 6055 127 4864 121 6	0
2 120 46 421 551 409 541 390 550 404 4 5 396 1218 422 2225 553 1945 617 6	0
310 466 7 170 5479 119 5150 123 5243 112 8 79 2581 1750 160 1593 143 1228 38 3	0
156 1 192 170 8207 119 7599 123 8146 112 4 5 11 815 144 988 176 734 69 6	0
42 1 673 650 21012 168 486 383 1936 76 44 79 406 3658 243 796 429 23 264 58	0
2 71 7 155 5112 168 5424 118 5530 198 8 79 322 393 265 401 279 115 69 16	1
2 17 9 13 2354 54 2385 62 2249 49 4 5 36 8592 30 10981 52 6086 15 6	0
12 1 65 63 136 73 50 28 138 75 10 221 161 10798 407 8708 325 9397 377 27	0
2 41 61 110 109 104 107 101 93 88 67 18 22 399 39 395 37 24419 318 3	0
2 71 46 57 2262 169 50 28 11734 77 44 47 327 819 334 820 323 808 312 16	0
147 41 365 91 458 168 315 118 463 198 29 446 251 393 265 401 279 419 307 27	1
12 1 177 57 878 54 213 187 427 255 44 90 92 150 95 149 94 148 97 16	0
2 1 122 131 6901 82 6903 80 13342 375 44 35 86 9332 89 21544 189 23 38 58	0
239 20 9 14 25 272 31 285 24 275 4 5 66 1483 48 2450 74 1207 26 6	0
239 17 207 204 294 210 293 209 292 211 159 35 36 32 468 40 472 23 491 58	0
2 71 61 110 109 104 107 101 93 88 159 90 92 150 95 149 94 148 97 58	0
137 41 194 178 3173 84 5962 392 2831 77 10 18 22 220 39 215 37 658 38 16	0
141 135 7 91 543 82 542 80 669 232 8 151 11 1694 468 1547 472 1770 491 3	0
60 1 46 201 882 78 827 68 1451 112 67 5 11 773 130 1223 219 909 111 6	0
147 71 61 110 109 104 107 101 93 88 29 11843 1019 3430 302 614 226 6495 470 85	0
12 1 65 63 136 73 50 28 138 75 637 34 11 1831 259 2348 311 1090 172 455	0
12 1 9 13 2514 84 3976 164 2394 77 4 35 142 32 133 720 505 23 205 16	0
42 17 689 201 7750 119 7965 123 24 255 346 90 92 369 95 367 94 368 97 366	0
2 1 122 131 394 82 389 80 6710 188 44 18 358 608 265 615 279 684 132 16	0
156 1042 175 191 7624 223 7341 157 8441 233 4 5 1584 11572 70 14595 127 12110 121 6	0
42 41 7 225 5881 154 7074 203 8125 188 8 18 22 1392 39 1393 37 21924 451 16	0
42 1 9 14 25 242 31 230 24 240 29 79 33 5092 133 728 143 7438 205 3	0
60 1 99 308 778 291 776 296 777 289 29 34 11 943 59 979 64 643 38 27	1
21 20 9 14 1436 374 1852 410 1361 255 4 5 66 32 222 40 309 23 126 6	0
2 1 207 204 294 210 293 209 292 211 44 35 33 8041 222 9424 309 809 26 16	0
12 1 43 53 824 174 838 163 823 167 4 5 11 4271 468 8548 472 6973 491 6	0
147 19 365 91 1641 425 1432 383 1568 412 637 372 11 774 468 877 472 780 491 939	0
2 71 207 204 294 210 293 209 292 211 346 90 92 150 95 149 94 148 97 247	0
12 1 192 170 9451 119 9843 123 8905 112 4 391 202 17841 70 23616 127 23909 172 16	0
397 19 185 57 1882 471 788 317 1181 447 44 18 266 253 252 103 102 23 451 16	0
12 1 9 13 795 380 744 392 802 375 67 5 11 545 259 613 311 452 172 6	0
2 41 194 57 25 171 671 271 24 173 10 5 206 1353 70 1816 127 1612 121 6	1
141 135 7 91 543 82 542 80 669 232 8 151 33 3225 130 72 51 5603 111 3	1
147 41 365 91 707 600 654 565 913 688 4 5 206 2808 70 5578 127 6053 121 6	0
12 20 9 14 918 54 915 62 864 49 4 18 22 440 39 438 37 996 145 3	1
12 17 9 13 14624 78 14885 68 15020 76 4 79 142 32 256 316 260 115 69 3	0
2 250 7 502 25 384 31 408 24 386 8 18 22 5444 302 1222 226 14542 26 3	1
218 165 7 273 2194 154 2613 203 2552 188 8 55 142 4242 259 4839 311 2368 331 3	1
83 17 9 13 3871 119 4184 123 3987 112 10 314 267 852 160 728 143 655 132 27	0
2 19 7 105 1260 113 1340 128 1364 134 8 35 33 2821 30 1456 143 1810 15 247	1
83 120 175 191 758 306 671 271 753 304 4 5 396 3235 89 5589 189 5617 241 6	0
2 1 61 110 109 104 107 101 93 88 67 47 117 108 98 100 96 114 106 85	0
12 20 9 14 1170 380 1202 392 1155 375 29 34 11 6796 259 7783 311 5405 172 85	0
2 41 7 225 11703 154 14305 203 14089 188 8 35 510 4685 243 7209 257 2624 126 58	0
2 20 7 125 1134 84 1760 164 1065 77 8 286 358 5675 133 362 254 23 318 3	0
21 20 192 170 1057 223 960 157 1081 233 4 79 22 440 39 438 37 822 813 16	1
42 120 7 282 525 352 529 351 537 345 8 55 33 530 144 527 356 509 69 58	0
239 1 65 63 370 73 238 28 371 75 4 5 11 7552 59 9870 64 5554 38 6	0
83 500 9 13 2136 54 2448 62 2044 49 29 34 36 14744 222 20297 309 11306 126 85	0
42 17 7 13 25 506 31 518 24 403 8 47 117 108 98 100 96 114 106 726	0
21 20 207 204 294 210 293 209 292 211 44 35 66 9594 222 13636 309 6654 126 16	0
